1	961	540
2	962	540
3	962	540
4	963	540
5	964	540
6	965	540
7	966	540
8	967	540
9	967	540
10	968	540
11	969	540
12	970	540
13	971	540
14	972	540
15	972	540
16	973	540
17	974	540
18	975	540
19	976	540
20	976	540
21	977	540
22	978	540
23	979	540
24	980	540
25	981	540
26	981	540
27	982	540
28	983	540
29	984	540
30	985	540
31	986	540
32	986	540
33	987	540
34	988	540
35	989	540
36	990	540
37	991	540
38	991	540
39	992	540
40	993	540
41	994	540
42	995	540
43	995	540
44	996	540
45	997	540
46	998	540
47	999	540
48	1000	540
49	1000	540
50	1001	540
51	1002	540
52	1003	540
53	1004	540
54	1005	540
55	1005	540
56	1006	540
57	1007	540
58	1008	540
59	1009	540
60	1009	540
61	1010	540
62	1011	540
63	1012	540
64	1013	540
65	1014	540
66	1014	540
67	1015	540
68	1016	540
69	1017	540
70	1018	540
71	1019	540
72	1019	540
73	1020	540
74	1021	540
75	1022	540
76	1023	540
77	1023	540
78	1024	540
79	1025	540
80	1026	540
81	1027	540
82	1028	540
83	1028	540
84	1029	540
85	1030	540
86	1031	540
87	1032	540
88	1033	540
89	1033	540
90	1034	540
91	1035	540
92	1036	540
93	1037	540
94	1038	540
95	1038	540
96	1039	540
97	1040	540
98	1041	540
99	1042	540
100	1042	540
101	1043	540
102	1044	540
103	1045	540
104	1046	540
105	1047	540
106	1047	540
107	1048	540
108	1049	540
109	1050	540
110	1051	540
111	1052	540
112	1052	540
113	1053	540
114	1054	540
115	1055	540
116	1056	540
117	1056	540
118	1057	540
119	1058	540
120	1059	540
121	1060	540
122	1061	540
123	1061	540
124	1062	540
125	1063	540
126	1064	540
127	1065	540
128	1066	540
129	1066	540
130	1067	540
131	1068	540
132	1069	540
133	1070	540
134	1071	540
135	1071	540
136	1072	540
137	1073	540
138	1074	540
139	1075	540
140	1075	540
141	1076	540
142	1077	540
143	1078	540
144	1079	540
145	1080	540
146	1080	540
147	1081	540
148	1082	540
149	1083	540
150	1084	540
151	1085	540
152	1085	540
153	1086	540
154	1087	540
155	1088	540
156	1089	540
157	1089	540
158	1090	540
159	1091	540
160	1092	540
161	1093	540
162	1094	540
163	1094	540
164	1095	540
165	1096	540
166	1097	540
167	1098	540
168	1099	540
169	1099	540
170	1100	540
171	1101	540
172	1102	540
173	1103	540
174	1104	540
175	1104	540
176	1105	540
177	1106	540
178	1107	540
179	1108	540
180	1108	540
181	1109	540
182	1110	540
183	1111	540
184	1112	540
185	1113	540
186	1113	540
187	1114	540
188	1115	540
189	1116	540
190	1117	540
191	1118	540
192	1118	540
193	1119	540
194	1120	540
195	1121	540
196	1122	540
197	1122	540
198	1123	540
199	1124	540
200	1125	540
201	1126	540
202	1127	540
203	1127	540
204	1128	540
205	1129	540
206	1130	540
207	1131	540
208	1132	540
209	1132	540
210	1133	540
211	1134	540
212	1135	540
213	1136	540
214	1137	540
215	1137	540
216	1138	540
217	1139	540
218	1140	540
219	1141	540
220	1141	540
221	1142	540
222	1143	540
223	1144	540
224	1145	540
225	1146	540
226	1146	540
227	1147	540
228	1148	540
229	1149	540
230	1150	540
231	1151	540
232	1151	540
233	1152	540
234	1153	540
235	1154	540
236	1155	540
237	1155	540
238	1156	540
239	1157	540
240	1158	540
241	1159	540
242	1160	540
243	1160	540
244	1161	540
245	1162	540
246	1163	540
247	1164	540
248	1165	540
249	1165	540
250	1166	540
251	1167	540
252	1168	540
253	1169	540
254	1170	540
255	1170	540
256	1171	540
257	1172	540
258	1173	540
259	1174	540
260	1174	540
261	1175	540
262	1176	540
263	1177	540
264	1178	540
265	1179	540
266	1179	540
267	1180	540
268	1181	540
269	1182	540
270	1183	540
271	1184	540
272	1184	540
273	1185	540
274	1186	540
275	1187	540
276	1188	540
277	1189	540
278	1189	540
279	1190	540
280	1191	540
281	1192	540
282	1193	540
283	1193	540
284	1194	540
285	1195	540
286	1196	540
287	1197	540
288	1198	540
289	1198	540
290	1199	540
291	1200	540
292	1201	540
293	1202	540
294	1203	540
295	1203	540
296	1204	540
297	1205	540
298	1206	540
299	1207	540
300	1208	540
301	1208	540
302	1209	540
303	1210	540
304	1211	540
305	1212	540
306	1212	540
307	1213	540
308	1214	540
309	1215	540
310	1216	540
311	1217	540
312	1217	540
313	1218	540
314	1219	540
315	1220	540
316	1221	540
317	1222	540
318	1222	540
319	1223	540
320	1224	540
321	1225	540
322	1226	540
323	1227	540
324	1227	540
325	1228	540
326	1229	540
327	1230	540
328	1231	540
329	1231	540
330	1232	540
331	1233	540
332	1234	540
333	1235	540
334	1236	540
335	1236	540
336	1237	540
337	1238	540
338	1239	540
339	1240	540
340	1241	540
341	1241	540
342	1242	540
343	1243	540
344	1244	540
345	1245	540
346	1246	540
347	1246	540
348	1247	540
349	1248	540
350	1249	540
351	1250	540
352	1251	540
353	1251	540
354	1252	540
355	1253	540
356	1254	540
357	1255	540
358	1255	540
359	1256	540
360	1257	540
361	1258	540
362	1259	540
363	1260	540
364	1260	540
365	1261	540
366	1262	540
367	1263	540
368	1264	540
369	1265	540
370	1265	540
371	1266	540
372	1267	540
373	1268	540
374	1269	540
375	1270	540
376	1270	540
377	1271	540
378	1272	540
379	1273	540
380	1274	540
381	1274	540
382	1275	540
383	1276	540
384	1277	540
385	1278	540
386	1279	540
387	1279	540
388	1280	540
389	1281	540
390	1282	540
391	1283	540
392	1284	540
393	1284	540
394	1285	540
395	1286	540
396	1287	540
397	1288	540
398	1289	540
399	1289	540
400	1290	540
401	1291	540
402	1292	540
403	1293	540
404	1294	540
405	1294	540
406	1295	540
407	1296	540
408	1297	540
409	1298	540
410	1298	540
411	1299	540
412	1300	540
413	1301	540
414	1302	540
415	1303	540
416	1303	540
417	1304	540
418	1305	540
419	1306	540
420	1307	540
421	1308	540
422	1308	540
423	1309	540
424	1310	540
425	1311	540
426	1312	540
427	1313	540
428	1313	540
429	1314	540
430	1315	540
431	1316	540
432	1317	540
433	1318	540
434	1318	540
435	1319	540
436	1320	540
437	1321	540
438	1322	540
439	1322	540
440	1323	540
441	1324	540
442	1325	540
443	1326	540
444	1327	540
445	1327	540
446	1328	540
447	1329	540
448	1330	540
449	1331	540
450	1332	540
451	1332	540
452	1333	540
453	1334	540
454	1335	540
455	1336	540
456	1337	540
457	1337	540
458	1338	540
459	1339	540
460	1340	540
461	1341	540
462	1342	540
463	1342	540
464	1343	540
465	1344	540
466	1345	540
467	1346	540
468	1346	540
469	1347	540
470	1348	540
471	1349	540
472	1350	540
473	1351	540
474	1351	540
475	1352	540
476	1353	540
477	1354	540
478	1355	540
479	1356	540
480	1356	540
481	1357	540
482	1358	540
483	1359	540
484	1360	540
485	1361	540
486	1361	540
487	1362	540
488	1363	540
489	1364	540
490	1365	540
491	1366	540
492	1366	540
493	1367	540
494	1368	540
495	1369	540
496	1370	540
497	1371	540
498	1371	540
499	1372	540
500	1373	540
501	1374	540
502	1375	540
503	1375	540
504	1376	540
505	1377	540
506	1378	540
507	1379	540
508	1380	540
509	1380	540
510	1381	540
511	1382	540
512	1383	540
513	1384	540
514	1385	540
515	1385	540
516	1386	540
517	1387	540
518	1388	540
519	1389	540
520	1390	540
521	1390	540
522	1391	540
523	1392	540
524	1393	540
525	1394	540
526	1395	540
527	1395	540
528	1396	540
529	1397	540
530	1398	540
531	1399	540
532	1400	540
533	1400	540
534	1401	540
535	1402	540
536	1403	540
537	1404	540
538	1405	540
539	1405	540
540	1406	540
541	1407	540
542	1408	540
543	1409	540
544	1410	540
545	1410	540
546	1411	540
547	1412	540
548	1413	540
549	1414	540
550	1414	540
551	1415	540
552	1416	540
553	1417	540
554	1418	540
555	1419	540
556	1419	540
557	1420	540
558	1421	540
559	1422	540
560	1423	540
561	1424	540
562	1424	540
563	1425	540
564	1426	540
565	1427	540
566	1428	540
567	1429	540
568	1429	540
569	1430	540
570	1431	540
571	1432	540
572	1433	540
573	1434	540
574	1434	540
575	1435	540
576	1436	540
577	1437	540
578	1438	540
579	1439	540
580	1439	540
581	1440	540
582	1441	540
583	1442	540
584	1443	540
585	1444	540
586	1444	540
587	1445	540
588	1446	540
589	1447	540
590	1448	540
591	1449	540
592	1449	540
593	1450	540
594	1451	540
595	1452	540
596	1453	540
597	1454	540
598	1454	540
599	1455	540
600	1456	540
601	1455	540
602	1454	540
603	1454	540
604	1453	540
605	1452	540
606	1451	540
607	1450	540
608	1449	540
609	1449	540
610	1448	540
611	1447	540
612	1446	540
613	1445	540
614	1444	540
615	1444	540
616	1443	540
617	1442	540
618	1441	540
619	1440	540
620	1439	540
621	1439	540
622	1438	540
623	1437	540
624	1436	540
625	1435	540
626	1434	540
627	1434	540
628	1433	540
629	1432	540
630	1431	540
631	1430	540
632	1429	540
633	1429	540
634	1428	540
635	1427	540
636	1426	540
637	1425	540
638	1424	540
639	1424	540
640	1423	540
641	1422	540
642	1421	540
643	1420	540
644	1419	540
645	1419	540
646	1418	540
647	1417	540
648	1416	540
649	1415	540
650	1414	540
651	1414	540
652	1413	540
653	1412	540
654	1411	540
655	1410	540
656	1410	540
657	1409	540
658	1408	540
659	1407	540
660	1406	540
661	1405	540
662	1405	540
663	1404	540
664	1403	540
665	1402	540
666	1401	540
667	1400	540
668	1400	540
669	1399	540
670	1398	540
671	1397	540
672	1396	540
673	1395	540
674	1395	540
675	1394	540
676	1393	540
677	1392	540
678	1391	540
679	1390	540
680	1390	540
681	1389	540
682	1388	540
683	1387	540
684	1386	540
685	1385	540
686	1385	540
687	1384	540
688	1383	540
689	1382	540
690	1381	540
691	1380	540
692	1380	540
693	1379	540
694	1378	540
695	1377	540
696	1376	540
697	1375	540
698	1375	540
699	1374	540
700	1373	540
701	1372	540
702	1371	540
703	1371	540
704	1370	540
705	1369	540
706	1368	540
707	1367	540
708	1366	540
709	1366	540
710	1365	540
711	1364	540
712	1363	540
713	1362	540
714	1361	540
715	1361	540
716	1360	540
717	1359	540
718	1358	540
719	1357	540
720	1356	540
721	1356	540
722	1355	540
723	1354	540
724	1353	540
725	1352	540
726	1351	540
727	1351	540
728	1350	540
729	1349	540
730	1348	540
731	1347	540
732	1346	540
733	1346	540
734	1345	540
735	1344	540
736	1343	540
737	1342	540
738	1342	540
739	1341	540
740	1340	540
741	1339	540
742	1338	540
743	1337	540
744	1337	540
745	1336	540
746	1335	540
747	1334	540
748	1333	540
749	1332	540
750	1332	540
751	1331	540
752	1330	540
753	1329	540
754	1328	540
755	1327	540
756	1327	540
757	1326	540
758	1325	540
759	1324	540
760	1323	540
761	1322	540
762	1322	540
763	1321	540
764	1320	540
765	1319	540
766	1318	540
767	1318	540
768	1317	540
769	1316	540
770	1315	540
771	1314	540
772	1313	540
773	1313	540
774	1312	540
775	1311	540
776	1310	540
777	1309	540
778	1308	540
779	1308	540
780	1307	540
781	1306	540
782	1305	540
783	1304	540
784	1303	540
785	1303	540
786	1302	540
787	1301	540
788	1300	540
789	1299	540
790	1298	540
791	1298	540
792	1297	540
793	1296	540
794	1295	540
795	1294	540
796	1294	540
797	1293	540
798	1292	540
799	1291	540
800	1290	540
801	1289	540
802	1289	540
803	1288	540
804	1287	540
805	1286	540
806	1285	540
807	1284	540
808	1284	540
809	1283	540
810	1282	540
811	1281	540
812	1280	540
813	1279	540
814	1279	540
815	1278	540
816	1277	540
817	1276	540
818	1275	540
819	1274	540
820	1274	540
821	1273	540
822	1272	540
823	1271	540
824	1270	540
825	1270	540
826	1269	540
827	1268	540
828	1267	540
829	1266	540
830	1265	540
831	1265	540
832	1264	540
833	1263	540
834	1262	540
835	1261	540
836	1260	540
837	1260	540
838	1259	540
839	1258	540
840	1257	540
841	1256	540
842	1255	540
843	1255	540
844	1254	540
845	1253	540
846	1252	540
847	1251	540
848	1251	540
849	1250	540
850	1249	540
851	1248	540
852	1247	540
853	1246	540
854	1246	540
855	1245	540
856	1244	540
857	1243	540
858	1242	540
859	1241	540
860	1241	540
861	1240	540
862	1239	540
863	1238	540
864	1237	540
865	1236	540
866	1236	540
867	1235	540
868	1234	540
869	1233	540
870	1232	540
871	1231	540
872	1231	540
873	1230	540
874	1229	540
875	1228	540
876	1227	540
877	1227	540
878	1226	540
879	1225	540
880	1224	540
881	1223	540
882	1222	540
883	1222	540
884	1221	540
885	1220	540
886	1219	540
887	1218	540
888	1217	540
889	1217	540
890	1216	540
891	1215	540
892	1214	540
893	1213	540
894	1212	540
895	1212	540
896	1211	540
897	1210	540
898	1209	540
899	1208	540
900	1208	540
901	1207	540
902	1206	540
903	1205	540
904	1204	540
905	1203	540
906	1203	540
907	1202	540
908	1201	540
909	1200	540
910	1199	540
911	1198	540
912	1198	540
913	1197	540
914	1196	540
915	1195	540
916	1194	540
917	1193	540
918	1193	540
919	1192	540
920	1191	540
921	1190	540
922	1189	540
923	1189	540
924	1188	540
925	1187	540
926	1186	540
927	1185	540
928	1184	540
929	1184	540
930	1183	540
931	1182	540
932	1181	540
933	1180	540
934	1179	540
935	1179	540
936	1178	540
937	1177	540
938	1176	540
939	1175	540
940	1174	540
941	1174	540
942	1173	540
943	1172	540
944	1171	540
945	1170	540
946	1170	540
947	1169	540
948	1168	540
949	1167	540
950	1166	540
951	1165	540
952	1165	540
953	1164	540
954	1163	540
955	1162	540
956	1161	540
957	1160	540
958	1160	540
959	1159	540
960	1158	540
961	1157	540
962	1156	540
963	1155	540
964	1155	540
965	1154	540
966	1153	540
967	1152	540
968	1151	540
969	1151	540
970	1150	540
971	1149	540
972	1148	540
973	1147	540
974	1146	540
975	1146	540
976	1145	540
977	1144	540
978	1143	540
979	1142	540
980	1141	540
981	1141	540
982	1140	540
983	1139	540
984	1138	540
985	1137	540
986	1137	540
987	1136	540
988	1135	540
989	1134	540
990	1133	540
991	1132	540
992	1132	540
993	1131	540
994	1130	540
995	1129	540
996	1128	540
997	1127	540
998	1127	540
999	1126	540
1000	1125	540
1001	1124	540
1002	1123	540
1003	1122	540
1004	1122	540
1005	1121	540
1006	1120	540
1007	1119	540
1008	1118	540
1009	1118	540
1010	1117	540
1011	1116	540
1012	1115	540
1013	1114	540
1014	1113	540
1015	1113	540
1016	1112	540
1017	1111	540
1018	1110	540
1019	1109	540
1020	1108	540
1021	1108	540
1022	1107	540
1023	1106	540
1024	1105	540
1025	1104	540
1026	1104	540
1027	1103	540
1028	1102	540
1029	1101	540
1030	1100	540
1031	1099	540
1032	1099	540
1033	1098	540
1034	1097	540
1035	1096	540
1036	1095	540
1037	1094	540
1038	1094	540
1039	1093	540
1040	1092	540
1041	1091	540
1042	1090	540
1043	1089	540
1044	1089	540
1045	1088	540
1046	1087	540
1047	1086	540
1048	1085	540
1049	1085	540
1050	1084	540
1051	1083	540
1052	1082	540
1053	1081	540
1054	1080	540
1055	1080	540
1056	1079	540
1057	1078	540
1058	1077	540
1059	1076	540
1060	1075	540
1061	1075	540
1062	1074	540
1063	1073	540
1064	1072	540
1065	1071	540
1066	1071	540
1067	1070	540
1068	1069	540
1069	1068	540
1070	1067	540
1071	1066	540
1072	1066	540
1073	1065	540
1074	1064	540
1075	1063	540
1076	1062	540
1077	1061	540
1078	1061	540
1079	1060	540
1080	1059	540
1081	1058	540
1082	1057	540
1083	1056	540
1084	1056	540
1085	1055	540
1086	1054	540
1087	1053	540
1088	1052	540
1089	1052	540
1090	1051	540
1091	1050	540
1092	1049	540
1093	1048	540
1094	1047	540
1095	1047	540
1096	1046	540
1097	1045	540
1098	1044	540
1099	1043	540
1100	1042	540
1101	1042	540
1102	1041	540
1103	1040	540
1104	1039	540
1105	1038	540
1106	1038	540
1107	1037	540
1108	1036	540
1109	1035	540
1110	1034	540
1111	1033	540
1112	1033	540
1113	1032	540
1114	1031	540
1115	1030	540
1116	1029	540
1117	1028	540
1118	1028	540
1119	1027	540
1120	1026	540
1121	1025	540
1122	1024	540
1123	1023	540
1124	1023	540
1125	1022	540
1126	1021	540
1127	1020	540
1128	1019	540
1129	1019	540
1130	1018	540
1131	1017	540
1132	1016	540
1133	1015	540
1134	1014	540
1135	1014	540
1136	1013	540
1137	1012	540
1138	1011	540
1139	1010	540
1140	1009	540
1141	1009	540
1142	1008	540
1143	1007	540
1144	1006	540
1145	1005	540
1146	1005	540
1147	1004	540
1148	1003	540
1149	1002	540
1150	1001	540
1151	1000	540
1152	1000	540
1153	999	540
1154	998	540
1155	997	540
1156	996	540
1157	995	540
1158	995	540
1159	994	540
1160	993	540
1161	992	540
1162	991	540
1163	991	540
1164	990	540
1165	989	540
1166	988	540
1167	987	540
1168	986	540
1169	986	540
1170	985	540
1171	984	540
1172	983	540
1173	982	540
1174	981	540
1175	981	540
1176	980	540
1177	979	540
1178	978	540
1179	977	540
1180	976	540
1181	976	540
1182	975	540
1183	974	540
1184	973	540
1185	972	540
1186	972	540
1187	971	540
1188	970	540
1189	969	540
1190	968	540
1191	967	540
1192	967	540
1193	966	540
1194	965	540
1195	964	540
1196	963	540
1197	962	540
1198	962	540
1199	961	540
1200	960	540
1201	959	540
1202	958	540
1203	958	540
1204	957	540
1205	956	540
1206	955	540
1207	954	540
1208	953	540
1209	953	540
1210	952	540
1211	951	540
1212	950	540
1213	949	540
1214	948	540
1215	948	540
1216	947	540
1217	946	540
1218	945	540
1219	944	540
1220	944	540
1221	943	540
1222	942	540
1223	941	540
1224	940	540
1225	939	540
1226	939	540
1227	938	540
1228	937	540
1229	936	540
1230	935	540
1231	934	540
1232	934	540
1233	933	540
1234	932	540
1235	931	540
1236	930	540
1237	929	540
1238	929	540
1239	928	540
1240	927	540
1241	926	540
1242	925	540
1243	925	540
1244	924	540
1245	923	540
1246	922	540
1247	921	540
1248	920	540
1249	920	540
1250	919	540
1251	918	540
1252	917	540
1253	916	540
1254	915	540
1255	915	540
1256	914	540
1257	913	540
1258	912	540
1259	911	540
1260	911	540
1261	910	540
1262	909	540
1263	908	540
1264	907	540
1265	906	540
1266	906	540
1267	905	540
1268	904	540
1269	903	540
1270	902	540
1271	901	540
1272	901	540
1273	900	540
1274	899	540
1275	898	540
1276	897	540
1277	897	540
1278	896	540
1279	895	540
1280	894	540
1281	893	540
1282	892	540
1283	892	540
1284	891	540
1285	890	540
1286	889	540
1287	888	540
1288	887	540
1289	887	540
1290	886	540
1291	885	540
1292	884	540
1293	883	540
1294	882	540
1295	882	540
1296	881	540
1297	880	540
1298	879	540
1299	878	540
1300	878	540
1301	877	540
1302	876	540
1303	875	540
1304	874	540
1305	873	540
1306	873	540
1307	872	540
1308	871	540
1309	870	540
1310	869	540
1311	868	540
1312	868	540
1313	867	540
1314	866	540
1315	865	540
1316	864	540
1317	864	540
1318	863	540
1319	862	540
1320	861	540
1321	860	540
1322	859	540
1323	859	540
1324	858	540
1325	857	540
1326	856	540
1327	855	540
1328	854	540
1329	854	540
1330	853	540
1331	852	540
1332	851	540
1333	850	540
1334	849	540
1335	849	540
1336	848	540
1337	847	540
1338	846	540
1339	845	540
1340	845	540
1341	844	540
1342	843	540
1343	842	540
1344	841	540
1345	840	540
1346	840	540
1347	839	540
1348	838	540
1349	837	540
1350	836	540
1351	835	540
1352	835	540
1353	834	540
1354	833	540
1355	832	540
1356	831	540
1357	831	540
1358	830	540
1359	829	540
1360	828	540
1361	827	540
1362	826	540
1363	826	540
1364	825	540
1365	824	540
1366	823	540
1367	822	540
1368	821	540
1369	821	540
1370	820	540
1371	819	540
1372	818	540
1373	817	540
1374	816	540
1375	816	540
1376	815	540
1377	814	540
1378	813	540
1379	812	540
1380	812	540
1381	811	540
1382	810	540
1383	809	540
1384	808	540
1385	807	540
1386	807	540
1387	806	540
1388	805	540
1389	804	540
1390	803	540
1391	802	540
1392	802	540
1393	801	540
1394	800	540
1395	799	540
1396	798	540
1397	798	540
1398	797	540
1399	796	540
1400	795	540
1401	794	540
1402	793	540
1403	793	540
1404	792	540
1405	791	540
1406	790	540
1407	789	540
1408	788	540
1409	788	540
1410	787	540
1411	786	540
1412	785	540
1413	784	540
1414	783	540
1415	783	540
1416	782	540
1417	781	540
1418	780	540
1419	779	540
1420	779	540
1421	778	540
1422	777	540
1423	776	540
1424	775	540
1425	774	540
1426	774	540
1427	773	540
1428	772	540
1429	771	540
1430	770	540
1431	769	540
1432	769	540
1433	768	540
1434	767	540
1435	766	540
1436	765	540
1437	765	540
1438	764	540
1439	763	540
1440	762	540
1441	761	540
1442	760	540
1443	760	540
1444	759	540
1445	758	540
1446	757	540
1447	756	540
1448	755	540
1449	755	540
1450	754	540
1451	753	540
1452	752	540
1453	751	540
1454	750	540
1455	750	540
1456	749	540
1457	748	540
1458	747	540
1459	746	540
1460	746	540
1461	745	540
1462	744	540
1463	743	540
1464	742	540
1465	741	540
1466	741	540
1467	740	540
1468	739	540
1469	738	540
1470	737	540
1471	736	540
1472	736	540
1473	735	540
1474	734	540
1475	733	540
1476	732	540
1477	731	540
1478	731	540
1479	730	540
1480	729	540
1481	728	540
1482	727	540
1483	727	540
1484	726	540
1485	725	540
1486	724	540
1487	723	540
1488	722	540
1489	722	540
1490	721	540
1491	720	540
1492	719	540
1493	718	540
1494	717	540
1495	717	540
1496	716	540
1497	715	540
1498	714	540
1499	713	540
1500	712	540
1501	712	540
1502	711	540
1503	710	540
1504	709	540
1505	708	540
1506	708	540
1507	707	540
1508	706	540
1509	705	540
1510	704	540
1511	703	540
1512	703	540
1513	702	540
1514	701	540
1515	700	540
1516	699	540
1517	698	540
1518	698	540
1519	697	540
1520	696	540
1521	695	540
1522	694	540
1523	693	540
1524	693	540
1525	692	540
1526	691	540
1527	690	540
1528	689	540
1529	689	540
1530	688	540
1531	687	540
1532	686	540
1533	685	540
1534	684	540
1535	684	540
1536	683	540
1537	682	540
1538	681	540
1539	680	540
1540	679	540
1541	679	540
1542	678	540
1543	677	540
1544	676	540
1545	675	540
1546	674	540
1547	674	540
1548	673	540
1549	672	540
1550	671	540
1551	670	540
1552	669	540
1553	669	540
1554	668	540
1555	667	540
1556	666	540
1557	665	540
1558	665	540
1559	664	540
1560	663	540
1561	662	540
1562	661	540
1563	660	540
1564	660	540
1565	659	540
1566	658	540
1567	657	540
1568	656	540
1569	655	540
1570	655	540
1571	654	540
1572	653	540
1573	652	540
1574	651	540
1575	650	540
1576	650	540
1577	649	540
1578	648	540
1579	647	540
1580	646	540
1581	646	540
1582	645	540
1583	644	540
1584	643	540
1585	642	540
1586	641	540
1587	641	540
1588	640	540
1589	639	540
1590	638	540
1591	637	540
1592	636	540
1593	636	540
1594	635	540
1595	634	540
1596	633	540
1597	632	540
1598	631	540
1599	631	540
1600	630	540
1601	629	540
1602	628	540
1603	627	540
1604	626	540
1605	626	540
1606	625	540
1607	624	540
1608	623	540
1609	622	540
1610	622	540
1611	621	540
1612	620	540
1613	619	540
1614	618	540
1615	617	540
1616	617	540
1617	616	540
1618	615	540
1619	614	540
1620	613	540
1621	612	540
1622	612	540
1623	611	540
1624	610	540
1625	609	540
1626	608	540
1627	607	540
1628	607	540
1629	606	540
1630	605	540
1631	604	540
1632	603	540
1633	602	540
1634	602	540
1635	601	540
1636	600	540
1637	599	540
1638	598	540
1639	598	540
1640	597	540
1641	596	540
1642	595	540
1643	594	540
1644	593	540
1645	593	540
1646	592	540
1647	591	540
1648	590	540
1649	589	540
1650	588	540
1651	588	540
1652	587	540
1653	586	540
1654	585	540
1655	584	540
1656	583	540
1657	583	540
1658	582	540
1659	581	540
1660	580	540
1661	579	540
1662	578	540
1663	578	540
1664	577	540
1665	576	540
1666	575	540
1667	574	540
1668	574	540
1669	573	540
1670	572	540
1671	571	540
1672	570	540
1673	569	540
1674	569	540
1675	568	540
1676	567	540
1677	566	540
1678	565	540
1679	564	540
1680	564	540
1681	563	540
1682	562	540
1683	561	540
1684	560	540
1685	559	540
1686	559	540
1687	558	540
1688	557	540
1689	556	540
1690	555	540
1691	554	540
1692	554	540
1693	553	540
1694	552	540
1695	551	540
1696	550	540
1697	549	540
1698	549	540
1699	548	540
1700	547	540
1701	546	540
1702	545	540
1703	545	540
1704	544	540
1705	543	540
1706	542	540
1707	541	540
1708	540	540
1709	540	540
1710	539	540
1711	538	540
1712	537	540
1713	536	540
1714	535	540
1715	535	540
1716	534	540
1717	533	540
1718	532	540
1719	531	540
1720	530	540
1721	530	540
1722	529	540
1723	528	540
1724	527	540
1725	526	540
1726	525	540
1727	525	540
1728	524	540
1729	523	540
1730	522	540
1731	521	540
1732	520	540
1733	520	540
1734	519	540
1735	518	540
1736	517	540
1737	516	540
1738	515	540
1739	515	540
1740	514	540
1741	513	540
1742	512	540
1743	511	540
1744	510	540
1745	510	540
1746	509	540
1747	508	540
1748	507	540
1749	506	540
1750	506	540
1751	505	540
1752	504	540
1753	503	540
1754	502	540
1755	501	540
1756	501	540
1757	500	540
1758	499	540
1759	498	540
1760	497	540
1761	496	540
1762	496	540
1763	495	540
1764	494	540
1765	493	540
1766	492	540
1767	491	540
1768	491	540
1769	490	540
1770	489	540
1771	488	540
1772	487	540
1773	486	540
1774	486	540
1775	485	540
1776	484	540
1777	483	540
1778	482	540
1779	481	540
1780	481	540
1781	480	540
1782	479	540
1783	478	540
1784	477	540
1785	476	540
1786	476	540
1787	475	540
1788	474	540
1789	473	540
1790	472	540
1791	471	540
1792	471	540
1793	470	540
1794	469	540
1795	468	540
1796	467	540
1797	466	540
1798	466	540
1799	465	540
1800	464	540
1801	465	540
1802	466	540
1803	466	540
1804	467	540
1805	468	540
1806	469	540
1807	470	540
1808	471	540
1809	471	540
1810	472	540
1811	473	540
1812	474	540
1813	475	540
1814	476	540
1815	476	540
1816	477	540
1817	478	540
1818	479	540
1819	480	540
1820	481	540
1821	481	540
1822	482	540
1823	483	540
1824	484	540
1825	485	540
1826	486	540
1827	486	540
1828	487	540
1829	488	540
1830	489	540
1831	490	540
1832	491	540
1833	491	540
1834	492	540
1835	493	540
1836	494	540
1837	495	540
1838	496	540
1839	496	540
1840	497	540
1841	498	540
1842	499	540
1843	500	540
1844	501	540
1845	501	540
1846	502	540
1847	503	540
1848	504	540
1849	505	540
1850	506	540
1851	506	540
1852	507	540
1853	508	540
1854	509	540
1855	510	540
1856	510	540
1857	511	540
1858	512	540
1859	513	540
1860	514	540
1861	515	540
1862	515	540
1863	516	540
1864	517	540
1865	518	540
1866	519	540
1867	520	540
1868	520	540
1869	521	540
1870	522	540
1871	523	540
1872	524	540
1873	525	540
1874	525	540
1875	526	540
1876	527	540
1877	528	540
1878	529	540
1879	530	540
1880	530	540
1881	531	540
1882	532	540
1883	533	540
1884	534	540
1885	535	540
1886	535	540
1887	536	540
1888	537	540
1889	538	540
1890	539	540
1891	540	540
1892	540	540
1893	541	540
1894	542	540
1895	543	540
1896	544	540
1897	545	540
1898	545	540
1899	546	540
1900	547	540
1901	548	540
1902	549	540
1903	549	540
1904	550	540
1905	551	540
1906	552	540
1907	553	540
1908	554	540
1909	554	540
1910	555	540
1911	556	540
1912	557	540
1913	558	540
1914	559	540
1915	559	540
1916	560	540
1917	561	540
1918	562	540
1919	563	540
1920	564	540
1921	564	540
1922	565	540
1923	566	540
1924	567	540
1925	568	540
1926	569	540
1927	569	540
1928	570	540
1929	571	540
1930	572	540
1931	573	540
1932	574	540
1933	574	540
1934	575	540
1935	576	540
1936	577	540
1937	578	540
1938	578	540
1939	579	540
1940	580	540
1941	581	540
1942	582	540
1943	583	540
1944	583	540
1945	584	540
1946	585	540
1947	586	540
1948	587	540
1949	588	540
1950	588	540
1951	589	540
1952	590	540
1953	591	540
1954	592	540
1955	593	540
1956	593	540
1957	594	540
1958	595	540
1959	596	540
1960	597	540
1961	598	540
1962	598	540
1963	599	540
1964	600	540
1965	601	540
1966	602	540
1967	602	540
1968	603	540
1969	604	540
1970	605	540
1971	606	540
1972	607	540
1973	607	540
1974	608	540
1975	609	540
1976	610	540
1977	611	540
1978	612	540
1979	612	540
1980	613	540
1981	614	540
1982	615	540
1983	616	540
1984	617	540
1985	617	540
1986	618	540
1987	619	540
1988	620	540
1989	621	540
1990	622	540
1991	622	540
1992	623	540
1993	624	540
1994	625	540
1995	626	540
1996	626	540
1997	627	540
1998	628	540
1999	629	540
2000	630	540
2001	631	540
2002	631	540
2003	632	540
2004	633	540
2005	634	540
2006	635	540
2007	636	540
2008	636	540
2009	637	540
2010	638	540
2011	639	540
2012	640	540
2013	641	540
2014	641	540
2015	642	540
2016	643	540
2017	644	540
2018	645	540
2019	646	540
2020	646	540
2021	647	540
2022	648	540
2023	649	540
2024	650	540
2025	650	540
2026	651	540
2027	652	540
2028	653	540
2029	654	540
2030	655	540
2031	655	540
2032	656	540
2033	657	540
2034	658	540
2035	659	540
2036	660	540
2037	660	540
2038	661	540
2039	662	540
2040	663	540
2041	664	540
2042	665	540
2043	665	540
2044	666	540
2045	667	540
2046	668	540
2047	669	540
2048	669	540
2049	670	540
2050	671	540
2051	672	540
2052	673	540
2053	674	540
2054	674	540
2055	675	540
2056	676	540
2057	677	540
2058	678	540
2059	679	540
2060	679	540
2061	680	540
2062	681	540
2063	682	540
2064	683	540
2065	684	540
2066	684	540
2067	685	540
2068	686	540
2069	687	540
2070	688	540
2071	689	540
2072	689	540
2073	690	540
2074	691	540
2075	692	540
2076	693	540
2077	693	540
2078	694	540
2079	695	540
2080	696	540
2081	697	540
2082	698	540
2083	698	540
2084	699	540
2085	700	540
2086	701	540
2087	702	540
2088	703	540
2089	703	540
2090	704	540
2091	705	540
2092	706	540
2093	707	540
2094	708	540
2095	708	540
2096	709	540
2097	710	540
2098	711	540
2099	712	540
2100	712	540
2101	713	540
2102	714	540
2103	715	540
2104	716	540
2105	717	540
2106	717	540
2107	718	540
2108	719	540
2109	720	540
2110	721	540
2111	722	540
2112	722	540
2113	723	540
2114	724	540
2115	725	540
2116	726	540
2117	727	540
2118	727	540
2119	728	540
2120	729	540
2121	730	540
2122	731	540
2123	731	540
2124	732	540
2125	733	540
2126	734	540
2127	735	540
2128	736	540
2129	736	540
2130	737	540
2131	738	540
2132	739	540
2133	740	540
2134	741	540
2135	741	540
2136	742	540
2137	743	540
2138	744	540
2139	745	540
2140	746	540
2141	746	540
2142	747	540
2143	748	540
2144	749	540
2145	750	540
2146	750	540
2147	751	540
2148	752	540
2149	753	540
2150	754	540
2151	755	540
2152	755	540
2153	756	540
2154	757	540
2155	758	540
2156	759	540
2157	760	540
2158	760	540
2159	761	540
2160	762	540
2161	763	540
2162	764	540
2163	765	540
2164	765	540
2165	766	540
2166	767	540
2167	768	540
2168	769	540
2169	769	540
2170	770	540
2171	771	540
2172	772	540
2173	773	540
2174	774	540
2175	774	540
2176	775	540
2177	776	540
2178	777	540
2179	778	540
2180	779	540
2181	779	540
2182	780	540
2183	781	540
2184	782	540
2185	783	540
2186	783	540
2187	784	540
2188	785	540
2189	786	540
2190	787	540
2191	788	540
2192	788	540
2193	789	540
2194	790	540
2195	791	540
2196	792	540
2197	793	540
2198	793	540
2199	794	540
2200	795	540
2201	796	540
2202	797	540
2203	798	540
2204	798	540
2205	799	540
2206	800	540
2207	801	540
2208	802	540
2209	802	540
2210	803	540
2211	804	540
2212	805	540
2213	806	540
2214	807	540
2215	807	540
2216	808	540
2217	809	540
2218	810	540
2219	811	540
2220	812	540
2221	812	540
2222	813	540
2223	814	540
2224	815	540
2225	816	540
2226	816	540
2227	817	540
2228	818	540
2229	819	540
2230	820	540
2231	821	540
2232	821	540
2233	822	540
2234	823	540
2235	824	540
2236	825	540
2237	826	540
2238	826	540
2239	827	540
2240	828	540
2241	829	540
2242	830	540
2243	831	540
2244	831	540
2245	832	540
2246	833	540
2247	834	540
2248	835	540
2249	835	540
2250	836	540
2251	837	540
2252	838	540
2253	839	540
2254	840	540
2255	840	540
2256	841	540
2257	842	540
2258	843	540
2259	844	540
2260	845	540
2261	845	540
2262	846	540
2263	847	540
2264	848	540
2265	849	540
2266	849	540
2267	850	540
2268	851	540
2269	852	540
2270	853	540
2271	854	540
2272	854	540
2273	855	540
2274	856	540
2275	857	540
2276	858	540
2277	859	540
2278	859	540
2279	860	540
2280	861	540
2281	862	540
2282	863	540
2283	864	540
2284	864	540
2285	865	540
2286	866	540
2287	867	540
2288	868	540
2289	868	540
2290	869	540
2291	870	540
2292	871	540
2293	872	540
2294	873	540
2295	873	540
2296	874	540
2297	875	540
2298	876	540
2299	877	540
2300	878	540
2301	878	540
2302	879	540
2303	880	540
2304	881	540
2305	882	540
2306	882	540
2307	883	540
2308	884	540
2309	885	540
2310	886	540
2311	887	540
2312	887	540
2313	888	540
2314	889	540
2315	890	540
2316	891	540
2317	892	540
2318	892	540
2319	893	540
2320	894	540
2321	895	540
2322	896	540
2323	897	540
2324	897	540
2325	898	540
2326	899	540
2327	900	540
2328	901	540
2329	901	540
2330	902	540
2331	903	540
2332	904	540
2333	905	540
2334	906	540
2335	906	540
2336	907	540
2337	908	540
2338	909	540
2339	910	540
2340	911	540
2341	911	540
2342	912	540
2343	913	540
2344	914	540
2345	915	540
2346	915	540
2347	916	540
2348	917	540
2349	918	540
2350	919	540
2351	920	540
2352	920	540
2353	921	540
2354	922	540
2355	923	540
2356	924	540
2357	925	540
2358	925	540
2359	926	540
2360	927	540
2361	928	540
2362	929	540
2363	929	540
2364	930	540
2365	931	540
2366	932	540
2367	933	540
2368	934	540
2369	934	540
2370	935	540
2371	936	540
2372	937	540
2373	938	540
2374	939	540
2375	939	540
2376	940	540
2377	941	540
2378	942	540
2379	943	540
2380	944	540
2381	944	540
2382	945	540
2383	946	540
2384	947	540
2385	948	540
2386	948	540
2387	949	540
2388	950	540
2389	951	540
2390	952	540
2391	953	540
2392	953	540
2393	954	540
2394	955	540
2395	956	540
2396	957	540
2397	958	540
2398	958	540
2399	959	540
2400	960	540
2401	961	540
2402	962	540
2403	962	540
2404	963	540
2405	964	540
2406	965	540
2407	966	540
2408	967	540
2409	967	540
2410	968	540
2411	969	540
2412	970	540
2413	971	540
2414	972	540
2415	972	540
2416	973	540
2417	974	540
2418	975	540
2419	976	540
2420	976	540
2421	977	540
2422	978	540
2423	979	540
2424	980	540
2425	981	540
2426	981	540
2427	982	540
2428	983	540
2429	984	540
2430	985	540
2431	986	540
2432	986	540
2433	987	540
2434	988	540
2435	989	540
2436	990	540
2437	991	540
2438	991	540
2439	992	540
2440	993	540
2441	994	540
2442	995	540
2443	995	540
2444	996	540
2445	997	540
2446	998	540
2447	999	540
2448	1000	540
2449	1000	540
2450	1001	540
2451	1002	540
2452	1003	540
2453	1004	540
2454	1005	540
2455	1005	540
2456	1006	540
2457	1007	540
2458	1008	540
2459	1009	540
2460	1009	540
2461	1010	540
2462	1011	540
2463	1012	540
2464	1013	540
2465	1014	540
2466	1014	540
2467	1015	540
2468	1016	540
2469	1017	540
2470	1018	540
2471	1019	540
2472	1019	540
2473	1020	540
2474	1021	540
2475	1022	540
2476	1023	540
2477	1023	540
2478	1024	540
2479	1025	540
2480	1026	540
2481	1027	540
2482	1028	540
2483	1028	540
2484	1029	540
2485	1030	540
2486	1031	540
2487	1032	540
2488	1033	540
2489	1033	540
2490	1034	540
2491	1035	540
2492	1036	540
2493	1037	540
2494	1038	540
2495	1038	540
2496	1039	540
2497	1040	540
2498	1041	540
2499	1042	540
2500	1042	540
2501	1043	540
2502	1044	540
2503	1045	540
2504	1046	540
2505	1047	540
2506	1047	540
2507	1048	540
2508	1049	540
2509	1050	540
2510	1051	540
2511	1052	540
2512	1052	540
2513	1053	540
2514	1054	540
2515	1055	540
2516	1056	540
2517	1056	540
2518	1057	540
2519	1058	540
2520	1059	540
2521	1060	540
2522	1061	540
2523	1061	540
2524	1062	540
2525	1063	540
2526	1064	540
2527	1065	540
2528	1066	540
2529	1066	540
2530	1067	540
2531	1068	540
2532	1069	540
2533	1070	540
2534	1071	540
2535	1071	540
2536	1072	540
2537	1073	540
2538	1074	540
2539	1075	540
2540	1075	540
2541	1076	540
2542	1077	540
2543	1078	540
2544	1079	540
2545	1080	540
2546	1080	540
2547	1081	540
2548	1082	540
2549	1083	540
2550	1084	540
2551	1085	540
2552	1085	540
2553	1086	540
2554	1087	540
2555	1088	540
2556	1089	540
2557	1089	540
2558	1090	540
2559	1091	540
2560	1092	540
2561	1093	540
2562	1094	540
2563	1094	540
2564	1095	540
2565	1096	540
2566	1097	540
2567	1098	540
2568	1099	540
2569	1099	540
2570	1100	540
2571	1101	540
2572	1102	540
2573	1103	540
2574	1104	540
2575	1104	540
2576	1105	540
2577	1106	540
2578	1107	540
2579	1108	540
2580	1108	540
2581	1109	540
2582	1110	540
2583	1111	540
2584	1112	540
2585	1113	540
2586	1113	540
2587	1114	540
2588	1115	540
2589	1116	540
2590	1117	540
2591	1118	540
2592	1118	540
2593	1119	540
2594	1120	540
2595	1121	540
2596	1122	540
2597	1122	540
2598	1123	540
2599	1124	540
2600	1125	540
2601	1126	540
2602	1127	540
2603	1127	540
2604	1128	540
2605	1129	540
2606	1130	540
2607	1131	540
2608	1132	540
2609	1132	540
2610	1133	540
2611	1134	540
2612	1135	540
2613	1136	540
2614	1137	540
2615	1137	540
2616	1138	540
2617	1139	540
2618	1140	540
2619	1141	540
2620	1141	540
2621	1142	540
2622	1143	540
2623	1144	540
2624	1145	540
2625	1146	540
2626	1146	540
2627	1147	540
2628	1148	540
2629	1149	540
2630	1150	540
2631	1151	540
2632	1151	540
2633	1152	540
2634	1153	540
2635	1154	540
2636	1155	540
2637	1155	540
2638	1156	540
2639	1157	540
2640	1158	540
2641	1159	540
2642	1160	540
2643	1160	540
2644	1161	540
2645	1162	540
2646	1163	540
2647	1164	540
2648	1165	540
2649	1165	540
2650	1166	540
2651	1167	540
2652	1168	540
2653	1169	540
2654	1170	540
2655	1170	540
2656	1171	540
2657	1172	540
2658	1173	540
2659	1174	540
2660	1174	540
2661	1175	540
2662	1176	540
2663	1177	540
2664	1178	540
2665	1179	540
2666	1179	540
2667	1180	540
2668	1181	540
2669	1182	540
2670	1183	540
2671	1184	540
2672	1184	540
2673	1185	540
2674	1186	540
2675	1187	540
2676	1188	540
2677	1189	540
2678	1189	540
2679	1190	540
2680	1191	540
2681	1192	540
2682	1193	540
2683	1193	540
2684	1194	540
2685	1195	540
2686	1196	540
2687	1197	540
2688	1198	540
2689	1198	540
2690	1199	540
2691	1200	540
2692	1201	540
2693	1202	540
2694	1203	540
2695	1203	540
2696	1204	540
2697	1205	540
2698	1206	540
2699	1207	540
2700	1208	540
2701	1208	540
2702	1209	540
2703	1210	540
2704	1211	540
2705	1212	540
2706	1212	540
2707	1213	540
2708	1214	540
2709	1215	540
2710	1216	540
2711	1217	540
2712	1217	540
2713	1218	540
2714	1219	540
2715	1220	540
2716	1221	540
2717	1222	540
2718	1222	540
2719	1223	540
2720	1224	540
2721	1225	540
2722	1226	540
2723	1227	540
2724	1227	540
2725	1228	540
2726	1229	540
2727	1230	540
2728	1231	540
2729	1231	540
2730	1232	540
2731	1233	540
2732	1234	540
2733	1235	540
2734	1236	540
2735	1236	540
2736	1237	540
2737	1238	540
2738	1239	540
2739	1240	540
2740	1241	540
2741	1241	540
2742	1242	540
2743	1243	540
2744	1244	540
2745	1245	540
2746	1246	540
2747	1246	540
2748	1247	540
2749	1248	540
2750	1249	540
2751	1250	540
2752	1251	540
2753	1251	540
2754	1252	540
2755	1253	540
2756	1254	540
2757	1255	540
2758	1255	540
2759	1256	540
2760	1257	540
2761	1258	540
2762	1259	540
2763	1260	540
2764	1260	540
2765	1261	540
2766	1262	540
2767	1263	540
2768	1264	540
2769	1265	540
2770	1265	540
2771	1266	540
2772	1267	540
2773	1268	540
2774	1269	540
2775	1270	540
2776	1270	540
2777	1271	540
2778	1272	540
2779	1273	540
2780	1274	540
2781	1274	540
2782	1275	540
2783	1276	540
2784	1277	540
2785	1278	540
2786	1279	540
2787	1279	540
2788	1280	540
2789	1281	540
2790	1282	540
2791	1283	540
2792	1284	540
2793	1284	540
2794	1285	540
2795	1286	540
2796	1287	540
2797	1288	540
2798	1289	540
2799	1289	540
2800	1290	540
2801	1291	540
2802	1292	540
2803	1293	540
2804	1294	540
2805	1294	540
2806	1295	540
2807	1296	540
2808	1297	540
2809	1298	540
2810	1298	540
2811	1299	540
2812	1300	540
2813	1301	540
2814	1302	540
2815	1303	540
2816	1303	540
2817	1304	540
2818	1305	540
2819	1306	540
2820	1307	540
2821	1308	540
2822	1308	540
2823	1309	540
2824	1310	540
2825	1311	540
2826	1312	540
2827	1313	540
2828	1313	540
2829	1314	540
2830	1315	540
2831	1316	540
2832	1317	540
2833	1318	540
2834	1318	540
2835	1319	540
2836	1320	540
2837	1321	540
2838	1322	540
2839	1322	540
2840	1323	540
2841	1324	540
2842	1325	540
2843	1326	540
2844	1327	540
2845	1327	540
2846	1328	540
2847	1329	540
2848	1330	540
2849	1331	540
2850	1332	540
2851	1332	540
2852	1333	540
2853	1334	540
2854	1335	540
2855	1336	540
2856	1337	540
2857	1337	540
2858	1338	540
2859	1339	540
2860	1340	540
2861	1341	540
2862	1342	540
2863	1342	540
2864	1343	540
2865	1344	540
2866	1345	540
2867	1346	540
2868	1346	540
2869	1347	540
2870	1348	540
2871	1349	540
2872	1350	540
2873	1351	540
2874	1351	540
2875	1352	540
2876	1353	540
2877	1354	540
2878	1355	540
2879	1356	540
2880	1356	540
2881	1357	540
2882	1358	540
2883	1359	540
2884	1360	540
2885	1361	540
2886	1361	540
2887	1362	540
2888	1363	540
2889	1364	540
2890	1365	540
2891	1366	540
2892	1366	540
2893	1367	540
2894	1368	540
2895	1369	540
2896	1370	540
2897	1371	540
2898	1371	540
2899	1372	540
2900	1373	540
2901	1374	540
2902	1375	540
2903	1375	540
2904	1376	540
2905	1377	540
2906	1378	540
2907	1379	540
2908	1380	540
2909	1380	540
2910	1381	540
2911	1382	540
2912	1383	540
2913	1384	540
2914	1385	540
2915	1385	540
2916	1386	540
2917	1387	540
2918	1388	540
2919	1389	540
2920	1390	540
2921	1390	540
2922	1391	540
2923	1392	540
2924	1393	540
2925	1394	540
2926	1395	540
2927	1395	540
2928	1396	540
2929	1397	540
2930	1398	540
2931	1399	540
2932	1400	540
2933	1400	540
2934	1401	540
2935	1402	540
2936	1403	540
2937	1404	540
2938	1405	540
2939	1405	540
2940	1406	540
2941	1407	540
2942	1408	540
2943	1409	540
2944	1410	540
2945	1410	540
2946	1411	540
2947	1412	540
2948	1413	540
2949	1414	540
2950	1414	540
2951	1415	540
2952	1416	540
2953	1417	540
2954	1418	540
2955	1419	540
2956	1419	540
2957	1420	540
2958	1421	540
2959	1422	540
2960	1423	540
2961	1424	540
2962	1424	540
2963	1425	540
2964	1426	540
2965	1427	540
2966	1428	540
2967	1429	540
2968	1429	540
2969	1430	540
2970	1431	540
2971	1432	540
2972	1433	540
2973	1434	540
2974	1434	540
2975	1435	540
2976	1436	540
2977	1437	540
2978	1438	540
2979	1439	540
2980	1439	540
2981	1440	540
2982	1441	540
2983	1442	540
2984	1443	540
2985	1444	540
2986	1444	540
2987	1445	540
2988	1446	540
2989	1447	540
2990	1448	540
2991	1449	540
2992	1449	540
2993	1450	540
2994	1451	540
2995	1452	540
2996	1453	540
2997	1454	540
2998	1454	540
2999	1455	540
3000	1456	540
3001	1455	540
3002	1454	540
3003	1454	540
3004	1453	540
3005	1452	540
3006	1451	540
3007	1450	540
3008	1449	540
3009	1449	540
3010	1448	540
3011	1447	540
3012	1446	540
3013	1445	540
3014	1444	540
3015	1444	540
3016	1443	540
3017	1442	540
3018	1441	540
3019	1440	540
3020	1439	540
3021	1439	540
3022	1438	540
3023	1437	540
3024	1436	540
3025	1435	540
3026	1434	540
3027	1434	540
3028	1433	540
3029	1432	540
3030	1431	540
3031	1430	540
3032	1429	540
3033	1429	540
3034	1428	540
3035	1427	540
3036	1426	540
3037	1425	540
3038	1424	540
3039	1424	540
3040	1423	540
3041	1422	540
3042	1421	540
3043	1420	540
3044	1419	540
3045	1419	540
3046	1418	540
3047	1417	540
3048	1416	540
3049	1415	540
3050	1414	540
3051	1414	540
3052	1413	540
3053	1412	540
3054	1411	540
3055	1410	540
3056	1410	540
3057	1409	540
3058	1408	540
3059	1407	540
3060	1406	540
3061	1405	540
3062	1405	540
3063	1404	540
3064	1403	540
3065	1402	540
3066	1401	540
3067	1400	540
3068	1400	540
3069	1399	540
3070	1398	540
3071	1397	540
3072	1396	540
3073	1395	540
3074	1395	540
3075	1394	540
3076	1393	540
3077	1392	540
3078	1391	540
3079	1390	540
3080	1390	540
3081	1389	540
3082	1388	540
3083	1387	540
3084	1386	540
3085	1385	540
3086	1385	540
3087	1384	540
3088	1383	540
3089	1382	540
3090	1381	540
3091	1380	540
3092	1380	540
3093	1379	540
3094	1378	540
3095	1377	540
3096	1376	540
3097	1375	540
3098	1375	540
3099	1374	540
3100	1373	540
3101	1372	540
3102	1371	540
3103	1371	540
3104	1370	540
3105	1369	540
3106	1368	540
3107	1367	540
3108	1366	540
3109	1366	540
3110	1365	540
3111	1364	540
3112	1363	540
3113	1362	540
3114	1361	540
3115	1361	540
3116	1360	540
3117	1359	540
3118	1358	540
3119	1357	540
3120	1356	540
3121	1356	540
3122	1355	540
3123	1354	540
3124	1353	540
3125	1352	540
3126	1351	540
3127	1351	540
3128	1350	540
3129	1349	540
3130	1348	540
3131	1347	540
3132	1346	540
3133	1346	540
3134	1345	540
3135	1344	540
3136	1343	540
3137	1342	540
3138	1342	540
3139	1341	540
3140	1340	540
3141	1339	540
3142	1338	540
3143	1337	540
3144	1337	540
3145	1336	540
3146	1335	540
3147	1334	540
3148	1333	540
3149	1332	540
3150	1332	540
3151	1331	540
3152	1330	540
3153	1329	540
3154	1328	540
3155	1327	540
3156	1327	540
3157	1326	540
3158	1325	540
3159	1324	540
3160	1323	540
3161	1322	540
3162	1322	540
3163	1321	540
3164	1320	540
3165	1319	540
3166	1318	540
3167	1318	540
3168	1317	540
3169	1316	540
3170	1315	540
3171	1314	540
3172	1313	540
3173	1313	540
3174	1312	540
3175	1311	540
3176	1310	540
3177	1309	540
3178	1308	540
3179	1308	540
3180	1307	540
3181	1306	540
3182	1305	540
3183	1304	540
3184	1303	540
3185	1303	540
3186	1302	540
3187	1301	540
3188	1300	540
3189	1299	540
3190	1298	540
3191	1298	540
3192	1297	540
3193	1296	540
3194	1295	540
3195	1294	540
3196	1294	540
3197	1293	540
3198	1292	540
3199	1291	540
3200	1290	540
3201	1289	540
3202	1289	540
3203	1288	540
3204	1287	540
3205	1286	540
3206	1285	540
3207	1284	540
3208	1284	540
3209	1283	540
3210	1282	540
3211	1281	540
3212	1280	540
3213	1279	540
3214	1279	540
3215	1278	540
3216	1277	540
3217	1276	540
3218	1275	540
3219	1274	540
3220	1274	540
3221	1273	540
3222	1272	540
3223	1271	540
3224	1270	540
3225	1270	540
3226	1269	540
3227	1268	540
3228	1267	540
3229	1266	540
3230	1265	540
3231	1265	540
3232	1264	540
3233	1263	540
3234	1262	540
3235	1261	540
3236	1260	540
3237	1260	540
3238	1259	540
3239	1258	540
3240	1257	540
3241	1256	540
3242	1255	540
3243	1255	540
3244	1254	540
3245	1253	540
3246	1252	540
3247	1251	540
3248	1251	540
3249	1250	540
3250	1249	540
3251	1248	540
3252	1247	540
3253	1246	540
3254	1246	540
3255	1245	540
3256	1244	540
3257	1243	540
3258	1242	540
3259	1241	540
3260	1241	540
3261	1240	540
3262	1239	540
3263	1238	540
3264	1237	540
3265	1236	540
3266	1236	540
3267	1235	540
3268	1234	540
3269	1233	540
3270	1232	540
3271	1231	540
3272	1231	540
3273	1230	540
3274	1229	540
3275	1228	540
3276	1227	540
3277	1227	540
3278	1226	540
3279	1225	540
3280	1224	540
3281	1223	540
3282	1222	540
3283	1222	540
3284	1221	540
3285	1220	540
3286	1219	540
3287	1218	540
3288	1217	540
3289	1217	540
3290	1216	540
3291	1215	540
3292	1214	540
3293	1213	540
3294	1212	540
3295	1212	540
3296	1211	540
3297	1210	540
3298	1209	540
3299	1208	540
3300	1208	540
3301	1207	540
3302	1206	540
3303	1205	540
3304	1204	540
3305	1203	540
3306	1203	540
3307	1202	540
3308	1201	540
3309	1200	540
3310	1199	540
3311	1198	540
3312	1198	540
3313	1197	540
3314	1196	540
3315	1195	540
3316	1194	540
3317	1193	540
3318	1193	540
3319	1192	540
3320	1191	540
3321	1190	540
3322	1189	540
3323	1189	540
3324	1188	540
3325	1187	540
3326	1186	540
3327	1185	540
3328	1184	540
3329	1184	540
3330	1183	540
3331	1182	540
3332	1181	540
3333	1180	540
3334	1179	540
3335	1179	540
3336	1178	540
3337	1177	540
3338	1176	540
3339	1175	540
3340	1174	540
3341	1174	540
3342	1173	540
3343	1172	540
3344	1171	540
3345	1170	540
3346	1170	540
3347	1169	540
3348	1168	540
3349	1167	540
3350	1166	540
3351	1165	540
3352	1165	540
3353	1164	540
3354	1163	540
3355	1162	540
3356	1161	540
3357	1160	540
3358	1160	540
3359	1159	540
3360	1158	540
3361	1157	540
3362	1156	540
3363	1155	540
3364	1155	540
3365	1154	540
3366	1153	540
3367	1152	540
3368	1151	540
3369	1151	540
3370	1150	540
3371	1149	540
3372	1148	540
3373	1147	540
3374	1146	540
3375	1146	540
3376	1145	540
3377	1144	540
3378	1143	540
3379	1142	540
3380	1141	540
3381	1141	540
3382	1140	540
3383	1139	540
3384	1138	540
3385	1137	540
3386	1137	540
3387	1136	540
3388	1135	540
3389	1134	540
3390	1133	540
3391	1132	540
3392	1132	540
3393	1131	540
3394	1130	540
3395	1129	540
3396	1128	540
3397	1127	540
3398	1127	540
3399	1126	540
3400	1125	540
3401	1124	540
3402	1123	540
3403	1122	540
3404	1122	540
3405	1121	540
3406	1120	540
3407	1119	540
3408	1118	540
3409	1118	540
3410	1117	540
3411	1116	540
3412	1115	540
3413	1114	540
3414	1113	540
3415	1113	540
3416	1112	540
3417	1111	540
3418	1110	540
3419	1109	540
3420	1108	540
3421	1108	540
3422	1107	540
3423	1106	540
3424	1105	540
3425	1104	540
3426	1104	540
3427	1103	540
3428	1102	540
3429	1101	540
3430	1100	540
3431	1099	540
3432	1099	540
3433	1098	540
3434	1097	540
3435	1096	540
3436	1095	540
3437	1094	540
3438	1094	540
3439	1093	540
3440	1092	540
3441	1091	540
3442	1090	540
3443	1089	540
3444	1089	540
3445	1088	540
3446	1087	540
3447	1086	540
3448	1085	540
3449	1085	540
3450	1084	540
3451	1083	540
3452	1082	540
3453	1081	540
3454	1080	540
3455	1080	540
3456	1079	540
3457	1078	540
3458	1077	540
3459	1076	540
3460	1075	540
3461	1075	540
3462	1074	540
3463	1073	540
3464	1072	540
3465	1071	540
3466	1071	540
3467	1070	540
3468	1069	540
3469	1068	540
3470	1067	540
3471	1066	540
3472	1066	540
3473	1065	540
3474	1064	540
3475	1063	540
3476	1062	540
3477	1061	540
3478	1061	540
3479	1060	540
3480	1059	540
3481	1058	540
3482	1057	540
3483	1056	540
3484	1056	540
3485	1055	540
3486	1054	540
3487	1053	540
3488	1052	540
3489	1052	540
3490	1051	540
3491	1050	540
3492	1049	540
3493	1048	540
3494	1047	540
3495	1047	540
3496	1046	540
3497	1045	540
3498	1044	540
3499	1043	540
3500	1042	540
3501	1042	540
3502	1041	540
3503	1040	540
3504	1039	540
3505	1038	540
3506	1038	540
3507	1037	540
3508	1036	540
3509	1035	540
3510	1034	540
3511	1033	540
3512	1033	540
3513	1032	540
3514	1031	540
3515	1030	540
3516	1029	540
3517	1028	540
3518	1028	540
3519	1027	540
3520	1026	540
3521	1025	540
3522	1024	540
3523	1023	540
3524	1023	540
3525	1022	540
3526	1021	540
3527	1020	540
3528	1019	540
3529	1019	540
3530	1018	540
3531	1017	540
3532	1016	540
3533	1015	540
3534	1014	540
3535	1014	540
3536	1013	540
3537	1012	540
3538	1011	540
3539	1010	540
3540	1009	540
3541	1009	540
3542	1008	540
3543	1007	540
3544	1006	540
3545	1005	540
3546	1005	540
3547	1004	540
3548	1003	540
3549	1002	540
3550	1001	540
3551	1000	540
3552	1000	540
3553	999	540
3554	998	540
3555	997	540
3556	996	540
3557	995	540
3558	995	540
3559	994	540
3560	993	540
3561	992	540
3562	991	540
3563	991	540
3564	990	540
3565	989	540
3566	988	540
3567	987	540
3568	986	540
3569	986	540
3570	985	540
3571	984	540
3572	983	540
3573	982	540
3574	981	540
3575	981	540
3576	980	540
3577	979	540
3578	978	540
3579	977	540
3580	976	540
3581	976	540
3582	975	540
3583	974	540
3584	973	540
3585	972	540
3586	972	540
3587	971	540
3588	970	540
3589	969	540
3590	968	540
3591	967	540
3592	967	540
3593	966	540
3594	965	540
3595	964	540
3596	963	540
3597	962	540
3598	962	540
3599	961	540
3600	960	540
3601	959	540
3602	958	540
3603	958	540
3604	957	540
3605	956	540
3606	955	540
3607	954	540
3608	953	540
3609	953	540
3610	952	540
3611	951	540
3612	950	540
3613	949	540
3614	948	540
3615	948	540
3616	947	540
3617	946	540
3618	945	540
3619	944	540
3620	944	540
3621	943	540
3622	942	540
3623	941	540
3624	940	540
3625	939	540
3626	939	540
3627	938	540
3628	937	540
3629	936	540
3630	935	540
3631	934	540
3632	934	540
3633	933	540
3634	932	540
3635	931	540
3636	930	540
3637	929	540
3638	929	540
3639	928	540
3640	927	540
3641	926	540
3642	925	540
3643	925	540
3644	924	540
3645	923	540
3646	922	540
3647	921	540
3648	920	540
3649	920	540
3650	919	540
3651	918	540
3652	917	540
3653	916	540
3654	915	540
3655	915	540
3656	914	540
3657	913	540
3658	912	540
3659	911	540
3660	911	540
3661	910	540
3662	909	540
3663	908	540
3664	907	540
3665	906	540
3666	906	540
3667	905	540
3668	904	540
3669	903	540
3670	902	540
3671	901	540
3672	901	540
3673	900	540
3674	899	540
3675	898	540
3676	897	540
3677	897	540
3678	896	540
3679	895	540
3680	894	540
3681	893	540
3682	892	540
3683	892	540
3684	891	540
3685	890	540
3686	889	540
3687	888	540
3688	887	540
3689	887	540
3690	886	540
3691	885	540
3692	884	540
3693	883	540
3694	882	540
3695	882	540
3696	881	540
3697	880	540
3698	879	540
3699	878	540
3700	878	540
3701	877	540
3702	876	540
3703	875	540
3704	874	540
3705	873	540
3706	873	540
3707	872	540
3708	871	540
3709	870	540
3710	869	540
3711	868	540
3712	868	540
3713	867	540
3714	866	540
3715	865	540
3716	864	540
3717	864	540
3718	863	540
3719	862	540
3720	861	540
3721	860	540
3722	859	540
3723	859	540
3724	858	540
3725	857	540
3726	856	540
3727	855	540
3728	854	540
3729	854	540
3730	853	540
3731	852	540
3732	851	540
3733	850	540
3734	849	540
3735	849	540
3736	848	540
3737	847	540
3738	846	540
3739	845	540
3740	845	540
3741	844	540
3742	843	540
3743	842	540
3744	841	540
3745	840	540
3746	840	540
3747	839	540
3748	838	540
3749	837	540
3750	836	540
3751	835	540
3752	835	540
3753	834	540
3754	833	540
3755	832	540
3756	831	540
3757	831	540
3758	830	540
3759	829	540
3760	828	540
3761	827	540
3762	826	540
3763	826	540
3764	825	540
3765	824	540
3766	823	540
3767	822	540
3768	821	540
3769	821	540
3770	820	540
3771	819	540
3772	818	540
3773	817	540
3774	816	540
3775	816	540
3776	815	540
3777	814	540
3778	813	540
3779	812	540
3780	812	540
3781	811	540
3782	810	540
3783	809	540
3784	808	540
3785	807	540
3786	807	540
3787	806	540
3788	805	540
3789	804	540
3790	803	540
3791	802	540
3792	802	540
3793	801	540
3794	800	540
3795	799	540
3796	798	540
3797	798	540
3798	797	540
3799	796	540
3800	795	540
3801	794	540
3802	793	540
3803	793	540
3804	792	540
3805	791	540
3806	790	540
3807	789	540
3808	788	540
3809	788	540
3810	787	540
3811	786	540
3812	785	540
3813	784	540
3814	783	540
3815	783	540
3816	782	540
3817	781	540
3818	780	540
3819	779	540
3820	779	540
3821	778	540
3822	777	540
3823	776	540
3824	775	540
3825	774	540
3826	774	540
3827	773	540
3828	772	540
3829	771	540
3830	770	540
3831	769	540
3832	769	540
3833	768	540
3834	767	540
3835	766	540
3836	765	540
3837	765	540
3838	764	540
3839	763	540
3840	762	540
3841	761	540
3842	760	540
3843	760	540
3844	759	540
3845	758	540
3846	757	540
3847	756	540
3848	755	540
3849	755	540
3850	754	540
3851	753	540
3852	752	540
3853	751	540
3854	750	540
3855	750	540
3856	749	540
3857	748	540
3858	747	540
3859	746	540
3860	746	540
3861	745	540
3862	744	540
3863	743	540
3864	742	540
3865	741	540
3866	741	540
3867	740	540
3868	739	540
3869	738	540
3870	737	540
3871	736	540
3872	736	540
3873	735	540
3874	734	540
3875	733	540
3876	732	540
3877	731	540
3878	731	540
3879	730	540
3880	729	540
3881	728	540
3882	727	540
3883	727	540
3884	726	540
3885	725	540
3886	724	540
3887	723	540
3888	722	540
3889	722	540
3890	721	540
3891	720	540
3892	719	540
3893	718	540
3894	717	540
3895	717	540
3896	716	540
3897	715	540
3898	714	540
3899	713	540
3900	712	540
3901	712	540
3902	711	540
3903	710	540
3904	709	540
3905	708	540
3906	708	540
3907	707	540
3908	706	540
3909	705	540
3910	704	540
3911	703	540
3912	703	540
3913	702	540
3914	701	540
3915	700	540
3916	699	540
3917	698	540
3918	698	540
3919	697	540
3920	696	540
3921	695	540
3922	694	540
3923	693	540
3924	693	540
3925	692	540
3926	691	540
3927	690	540
3928	689	540
3929	689	540
3930	688	540
3931	687	540
3932	686	540
3933	685	540
3934	684	540
3935	684	540
3936	683	540
3937	682	540
3938	681	540
3939	680	540
3940	679	540
3941	679	540
3942	678	540
3943	677	540
3944	676	540
3945	675	540
3946	674	540
3947	674	540
3948	673	540
3949	672	540
3950	671	540
3951	670	540
3952	669	540
3953	669	540
3954	668	540
3955	667	540
3956	666	540
3957	665	540
3958	665	540
3959	664	540
3960	663	540
3961	662	540
3962	661	540
3963	660	540
3964	660	540
3965	659	540
3966	658	540
3967	657	540
3968	656	540
3969	655	540
3970	655	540
3971	654	540
3972	653	540
3973	652	540
3974	651	540
3975	650	540
3976	650	540
3977	649	540
3978	648	540
3979	647	540
3980	646	540
3981	646	540
3982	645	540
3983	644	540
3984	643	540
3985	642	540
3986	641	540
3987	641	540
3988	640	540
3989	639	540
3990	638	540
3991	637	540
3992	636	540
3993	636	540
3994	635	540
3995	634	540
3996	633	540
3997	632	540
3998	631	540
3999	631	540
4000	630	540
4001	629	540
4002	628	540
4003	627	540
4004	626	540
4005	626	540
4006	625	540
4007	624	540
4008	623	540
4009	622	540
4010	622	540
4011	621	540
4012	620	540
4013	619	540
4014	618	540
4015	617	540
4016	617	540
4017	616	540
4018	615	540
4019	614	540
4020	613	540
4021	612	540
4022	612	540
4023	611	540
4024	610	540
4025	609	540
4026	608	540
4027	607	540
4028	607	540
4029	606	540
4030	605	540
4031	604	540
4032	603	540
4033	602	540
4034	602	540
4035	601	540
4036	600	540
4037	599	540
4038	598	540
4039	598	540
4040	597	540
4041	596	540
4042	595	540
4043	594	540
4044	593	540
4045	593	540
4046	592	540
4047	591	540
4048	590	540
4049	589	540
4050	588	540
4051	588	540
4052	587	540
4053	586	540
4054	585	540
4055	584	540
4056	583	540
4057	583	540
4058	582	540
4059	581	540
4060	580	540
4061	579	540
4062	578	540
4063	578	540
4064	577	540
4065	576	540
4066	575	540
4067	574	540
4068	574	540
4069	573	540
4070	572	540
4071	571	540
4072	570	540
4073	569	540
4074	569	540
4075	568	540
4076	567	540
4077	566	540
4078	565	540
4079	564	540
4080	564	540
4081	563	540
4082	562	540
4083	561	540
4084	560	540
4085	559	540
4086	559	540
4087	558	540
4088	557	540
4089	556	540
4090	555	540
4091	554	540
4092	554	540
4093	553	540
4094	552	540
4095	551	540
4096	550	540
4097	549	540
4098	549	540
4099	548	540
4100	547	540
4101	546	540
4102	545	540
4103	545	540
4104	544	540
4105	543	540
4106	542	540
4107	541	540
4108	540	540
4109	540	540
4110	539	540
4111	538	540
4112	537	540
4113	536	540
4114	535	540
4115	535	540
4116	534	540
4117	533	540
4118	532	540
4119	531	540
4120	530	540
4121	530	540
4122	529	540
4123	528	540
4124	527	540
4125	526	540
4126	525	540
4127	525	540
4128	524	540
4129	523	540
4130	522	540
4131	521	540
4132	520	540
4133	520	540
4134	519	540
4135	518	540
4136	517	540
4137	516	540
4138	515	540
4139	515	540
4140	514	540
4141	513	540
4142	512	540
4143	511	540
4144	510	540
4145	510	540
4146	509	540
4147	508	540
4148	507	540
4149	506	540
4150	506	540
4151	505	540
4152	504	540
4153	503	540
4154	502	540
4155	501	540
4156	501	540
4157	500	540
4158	499	540
4159	498	540
4160	497	540
4161	496	540
4162	496	540
4163	495	540
4164	494	540
4165	493	540
4166	492	540
4167	491	540
4168	491	540
4169	490	540
4170	489	540
4171	488	540
4172	487	540
4173	486	540
4174	486	540
4175	485	540
4176	484	540
4177	483	540
4178	482	540
4179	481	540
4180	481	540
4181	480	540
4182	479	540
4183	478	540
4184	477	540
4185	476	540
4186	476	540
4187	475	540
4188	474	540
4189	473	540
4190	472	540
4191	471	540
4192	471	540
4193	470	540
4194	469	540
4195	468	540
4196	467	540
4197	466	540
4198	466	540
4199	465	540
4200	464	540
4201	465	540
4202	466	540
4203	466	540
4204	467	540
4205	468	540
4206	469	540
4207	470	540
4208	471	540
4209	471	540
4210	472	540
4211	473	540
4212	474	540
4213	475	540
4214	476	540
4215	476	540
4216	477	540
4217	478	540
4218	479	540
4219	480	540
4220	481	540
4221	481	540
4222	482	540
4223	483	540
4224	484	540
4225	485	540
4226	486	540
4227	486	540
4228	487	540
4229	488	540
4230	489	540
4231	490	540
4232	491	540
4233	491	540
4234	492	540
4235	493	540
4236	494	540
4237	495	540
4238	496	540
4239	496	540
4240	497	540
4241	498	540
4242	499	540
4243	500	540
4244	501	540
4245	501	540
4246	502	540
4247	503	540
4248	504	540
4249	505	540
4250	506	540
4251	506	540
4252	507	540
4253	508	540
4254	509	540
4255	510	540
4256	510	540
4257	511	540
4258	512	540
4259	513	540
4260	514	540
4261	515	540
4262	515	540
4263	516	540
4264	517	540
4265	518	540
4266	519	540
4267	520	540
4268	520	540
4269	521	540
4270	522	540
4271	523	540
4272	524	540
4273	525	540
4274	525	540
4275	526	540
4276	527	540
4277	528	540
4278	529	540
4279	530	540
4280	530	540
4281	531	540
4282	532	540
4283	533	540
4284	534	540
4285	535	540
4286	535	540
4287	536	540
4288	537	540
4289	538	540
4290	539	540
4291	540	540
4292	540	540
4293	541	540
4294	542	540
4295	543	540
4296	544	540
4297	545	540
4298	545	540
4299	546	540
4300	547	540
4301	548	540
4302	549	540
4303	549	540
4304	550	540
4305	551	540
4306	552	540
4307	553	540
4308	554	540
4309	554	540
4310	555	540
4311	556	540
4312	557	540
4313	558	540
4314	559	540
4315	559	540
4316	560	540
4317	561	540
4318	562	540
4319	563	540
4320	564	540
4321	564	540
4322	565	540
4323	566	540
4324	567	540
4325	568	540
4326	569	540
4327	569	540
4328	570	540
4329	571	540
4330	572	540
4331	573	540
4332	574	540
4333	574	540
4334	575	540
4335	576	540
4336	577	540
4337	578	540
4338	578	540
4339	579	540
4340	580	540
4341	581	540
4342	582	540
4343	583	540
4344	583	540
4345	584	540
4346	585	540
4347	586	540
4348	587	540
4349	588	540
4350	588	540
4351	589	540
4352	590	540
4353	591	540
4354	592	540
4355	593	540
4356	593	540
4357	594	540
4358	595	540
4359	596	540
4360	597	540
4361	598	540
4362	598	540
4363	599	540
4364	600	540
4365	601	540
4366	602	540
4367	602	540
4368	603	540
4369	604	540
4370	605	540
4371	606	540
4372	607	540
4373	607	540
4374	608	540
4375	609	540
4376	610	540
4377	611	540
4378	612	540
4379	612	540
4380	613	540
4381	614	540
4382	615	540
4383	616	540
4384	617	540
4385	617	540
4386	618	540
4387	619	540
4388	620	540
4389	621	540
4390	622	540
4391	622	540
4392	623	540
4393	624	540
4394	625	540
4395	626	540
4396	626	540
4397	627	540
4398	628	540
4399	629	540
4400	630	540
4401	631	540
4402	631	540
4403	632	540
4404	633	540
4405	634	540
4406	635	540
4407	636	540
4408	636	540
4409	637	540
4410	638	540
4411	639	540
4412	640	540
4413	641	540
4414	641	540
4415	642	540
4416	643	540
4417	644	540
4418	645	540
4419	646	540
4420	646	540
4421	647	540
4422	648	540
4423	649	540
4424	650	540
4425	650	540
4426	651	540
4427	652	540
4428	653	540
4429	654	540
4430	655	540
4431	655	540
4432	656	540
4433	657	540
4434	658	540
4435	659	540
4436	660	540
4437	660	540
4438	661	540
4439	662	540
4440	663	540
4441	664	540
4442	665	540
4443	665	540
4444	666	540
4445	667	540
4446	668	540
4447	669	540
4448	669	540
4449	670	540
4450	671	540
4451	672	540
4452	673	540
4453	674	540
4454	674	540
4455	675	540
4456	676	540
4457	677	540
4458	678	540
4459	679	540
4460	679	540
4461	680	540
4462	681	540
4463	682	540
4464	683	540
4465	684	540
4466	684	540
4467	685	540
4468	686	540
4469	687	540
4470	688	540
4471	689	540
4472	689	540
4473	690	540
4474	691	540
4475	692	540
4476	693	540
4477	693	540
4478	694	540
4479	695	540
4480	696	540
4481	697	540
4482	698	540
4483	698	540
4484	699	540
4485	700	540
4486	701	540
4487	702	540
4488	703	540
4489	703	540
4490	704	540
4491	705	540
4492	706	540
4493	707	540
4494	708	540
4495	708	540
4496	709	540
4497	710	540
4498	711	540
4499	712	540
4500	712	540
4501	713	540
4502	714	540
4503	715	540
4504	716	540
4505	717	540
4506	717	540
4507	718	540
4508	719	540
4509	720	540
4510	721	540
4511	722	540
4512	722	540
4513	723	540
4514	724	540
4515	725	540
4516	726	540
4517	727	540
4518	727	540
4519	728	540
4520	729	540
4521	730	540
4522	731	540
4523	731	540
4524	732	540
4525	733	540
4526	734	540
4527	735	540
4528	736	540
4529	736	540
4530	737	540
4531	738	540
4532	739	540
4533	740	540
4534	741	540
4535	741	540
4536	742	540
4537	743	540
4538	744	540
4539	745	540
4540	746	540
4541	746	540
4542	747	540
4543	748	540
4544	749	540
4545	750	540
4546	750	540
4547	751	540
4548	752	540
4549	753	540
4550	754	540
4551	755	540
4552	755	540
4553	756	540
4554	757	540
4555	758	540
4556	759	540
4557	760	540
4558	760	540
4559	761	540
4560	762	540
4561	763	540
4562	764	540
4563	765	540
4564	765	540
4565	766	540
4566	767	540
4567	768	540
4568	769	540
4569	769	540
4570	770	540
4571	771	540
4572	772	540
4573	773	540
4574	774	540
4575	774	540
4576	775	540
4577	776	540
4578	777	540
4579	778	540
4580	779	540
4581	779	540
4582	780	540
4583	781	540
4584	782	540
4585	783	540
4586	783	540
4587	784	540
4588	785	540
4589	786	540
4590	787	540
4591	788	540
4592	788	540
4593	789	540
4594	790	540
4595	791	540
4596	792	540
4597	793	540
4598	793	540
4599	794	540
4600	795	540
4601	796	540
4602	797	540
4603	798	540
4604	798	540
4605	799	540
4606	800	540
4607	801	540
4608	802	540
4609	802	540
4610	803	540
4611	804	540
4612	805	540
4613	806	540
4614	807	540
4615	807	540
4616	808	540
4617	809	540
4618	810	540
4619	811	540
4620	812	540
4621	812	540
4622	813	540
4623	814	540
4624	815	540
4625	816	540
4626	816	540
4627	817	540
4628	818	540
4629	819	540
4630	820	540
4631	821	540
4632	821	540
4633	822	540
4634	823	540
4635	824	540
4636	825	540
4637	826	540
4638	826	540
4639	827	540
4640	828	540
4641	829	540
4642	830	540
4643	831	540
4644	831	540
4645	832	540
4646	833	540
4647	834	540
4648	835	540
4649	835	540
4650	836	540
4651	837	540
4652	838	540
4653	839	540
4654	840	540
4655	840	540
4656	841	540
4657	842	540
4658	843	540
4659	844	540
4660	845	540
4661	845	540
4662	846	540
4663	847	540
4664	848	540
4665	849	540
4666	849	540
4667	850	540
4668	851	540
4669	852	540
4670	853	540
4671	854	540
4672	854	540
4673	855	540
4674	856	540
4675	857	540
4676	858	540
4677	859	540
4678	859	540
4679	860	540
4680	861	540
4681	862	540
4682	863	540
4683	864	540
4684	864	540
4685	865	540
4686	866	540
4687	867	540
4688	868	540
4689	868	540
4690	869	540
4691	870	540
4692	871	540
4693	872	540
4694	873	540
4695	873	540
4696	874	540
4697	875	540
4698	876	540
4699	877	540
4700	878	540
4701	878	540
4702	879	540
4703	880	540
4704	881	540
4705	882	540
4706	882	540
4707	883	540
4708	884	540
4709	885	540
4710	886	540
4711	887	540
4712	887	540
4713	888	540
4714	889	540
4715	890	540
4716	891	540
4717	892	540
4718	892	540
4719	893	540
4720	894	540
4721	895	540
4722	896	540
4723	897	540
4724	897	540
4725	898	540
4726	899	540
4727	900	540
4728	901	540
4729	901	540
4730	902	540
4731	903	540
4732	904	540
4733	905	540
4734	906	540
4735	906	540
4736	907	540
4737	908	540
4738	909	540
4739	910	540
4740	911	540
4741	911	540
4742	912	540
4743	913	540
4744	914	540
4745	915	540
4746	915	540
4747	916	540
4748	917	540
4749	918	540
4750	919	540
4751	920	540
4752	920	540
4753	921	540
4754	922	540
4755	923	540
4756	924	540
4757	925	540
4758	925	540
4759	926	540
4760	927	540
4761	928	540
4762	929	540
4763	929	540
4764	930	540
4765	931	540
4766	932	540
4767	933	540
4768	934	540
4769	934	540
4770	935	540
4771	936	540
4772	937	540
4773	938	540
4774	939	540
4775	939	540
4776	940	540
4777	941	540
4778	942	540
4779	943	540
4780	944	540
4781	944	540
4782	945	540
4783	946	540
4784	947	540
4785	948	540
4786	948	540
4787	949	540
4788	950	540
4789	951	540
4790	952	540
4791	953	540
4792	953	540
4793	954	540
4794	955	540
4795	956	540
4796	957	540
4797	958	540
4798	958	540
4799	959	540
4800	960	540
4801	961	540
4802	962	540
4803	962	540
4804	963	540
4805	964	540
4806	965	540
4807	966	540
4808	967	540
4809	967	540
4810	968	540
4811	969	540
4812	970	540
4813	971	540
4814	972	540
4815	972	540
4816	973	540
4817	974	540
4818	975	540
4819	976	540
4820	976	540
4821	977	540
4822	978	540
4823	979	540
4824	980	540
4825	981	540
4826	981	540
4827	982	540
4828	983	540
4829	984	540
4830	985	540
4831	986	540
4832	986	540
4833	987	540
4834	988	540
4835	989	540
4836	990	540
4837	991	540
4838	991	540
4839	992	540
4840	993	540
4841	994	540
4842	995	540
4843	995	540
4844	996	540
4845	997	540
4846	998	540
4847	999	540
4848	1000	540
4849	1000	540
4850	1001	540
4851	1002	540
4852	1003	540
4853	1004	540
4854	1005	540
4855	1005	540
4856	1006	540
4857	1007	540
4858	1008	540
4859	1009	540
4860	1009	540
4861	1010	540
4862	1011	540
4863	1012	540
4864	1013	540
4865	1014	540
4866	1014	540
4867	1015	540
4868	1016	540
4869	1017	540
4870	1018	540
4871	1019	540
4872	1019	540
4873	1020	540
4874	1021	540
4875	1022	540
4876	1023	540
4877	1023	540
4878	1024	540
4879	1025	540
4880	1026	540
4881	1027	540
4882	1028	540
4883	1028	540
4884	1029	540
4885	1030	540
4886	1031	540
4887	1032	540
4888	1033	540
4889	1033	540
4890	1034	540
4891	1035	540
4892	1036	540
4893	1037	540
4894	1038	540
4895	1038	540
4896	1039	540
4897	1040	540
4898	1041	540
4899	1042	540
4900	1042	540
4901	1043	540
4902	1044	540
4903	1045	540
4904	1046	540
4905	1047	540
4906	1047	540
4907	1048	540
4908	1049	540
4909	1050	540
4910	1051	540
4911	1052	540
4912	1052	540
4913	1053	540
4914	1054	540
4915	1055	540
4916	1056	540
4917	1056	540
4918	1057	540
4919	1058	540
4920	1059	540
4921	1060	540
4922	1061	540
4923	1061	540
4924	1062	540
4925	1063	540
4926	1064	540
4927	1065	540
4928	1066	540
4929	1066	540
4930	1067	540
4931	1068	540
4932	1069	540
4933	1070	540
4934	1071	540
4935	1071	540
4936	1072	540
4937	1073	540
4938	1074	540
4939	1075	540
4940	1075	540
4941	1076	540
4942	1077	540
4943	1078	540
4944	1079	540
4945	1080	540
4946	1080	540
4947	1081	540
4948	1082	540
4949	1083	540
4950	1084	540
4951	1085	540
4952	1085	540
4953	1086	540
4954	1087	540
4955	1088	540
4956	1089	540
4957	1089	540
4958	1090	540
4959	1091	540
4960	1092	540
4961	1093	540
4962	1094	540
4963	1094	540
4964	1095	540
4965	1096	540
4966	1097	540
4967	1098	540
4968	1099	540
4969	1099	540
4970	1100	540
4971	1101	540
4972	1102	540
4973	1103	540
4974	1104	540
4975	1104	540
4976	1105	540
4977	1106	540
4978	1107	540
4979	1108	540
4980	1108	540
4981	1109	540
4982	1110	540
4983	1111	540
4984	1112	540
4985	1113	540
4986	1113	540
4987	1114	540
4988	1115	540
4989	1116	540
4990	1117	540
4991	1118	540
4992	1118	540
4993	1119	540
4994	1120	540
4995	1121	540
4996	1122	540
4997	1122	540
4998	1123	540
4999	1124	540
5000	1125	540
5001	1126	540
5002	1127	540
5003	1127	540
5004	1128	540
5005	1129	540
5006	1130	540
5007	1131	540
5008	1132	540
5009	1132	540
5010	1133	540
5011	1134	540
5012	1135	540
5013	1136	540
5014	1137	540
5015	1137	540
5016	1138	540
5017	1139	540
5018	1140	540
5019	1141	540
5020	1141	540
5021	1142	540
5022	1143	540
5023	1144	540
5024	1145	540
5025	1146	540
5026	1146	540
5027	1147	540
5028	1148	540
5029	1149	540
5030	1150	540
5031	1151	540
5032	1151	540
5033	1152	540
5034	1153	540
5035	1154	540
5036	1155	540
5037	1155	540
5038	1156	540
5039	1157	540
5040	1158	540
5041	1159	540
5042	1160	540
5043	1160	540
5044	1161	540
5045	1162	540
5046	1163	540
5047	1164	540
5048	1165	540
5049	1165	540
5050	1166	540
5051	1167	540
5052	1168	540
5053	1169	540
5054	1170	540
5055	1170	540
5056	1171	540
5057	1172	540
5058	1173	540
5059	1174	540
5060	1174	540
5061	1175	540
5062	1176	540
5063	1177	540
5064	1178	540
5065	1179	540
5066	1179	540
5067	1180	540
5068	1181	540
5069	1182	540
5070	1183	540
5071	1184	540
5072	1184	540
5073	1185	540
5074	1186	540
5075	1187	540
5076	1188	540
5077	1189	540
5078	1189	540
5079	1190	540
5080	1191	540
5081	1192	540
5082	1193	540
5083	1193	540
5084	1194	540
5085	1195	540
5086	1196	540
5087	1197	540
5088	1198	540
5089	1198	540
5090	1199	540
5091	1200	540
5092	1201	540
5093	1202	540
5094	1203	540
5095	1203	540
5096	1204	540
5097	1205	540
5098	1206	540
5099	1207	540
5100	1208	540
5101	1208	540
5102	1209	540
5103	1210	540
5104	1211	540
5105	1212	540
5106	1212	540
5107	1213	540
5108	1214	540
5109	1215	540
5110	1216	540
5111	1217	540
5112	1217	540
5113	1218	540
5114	1219	540
5115	1220	540
5116	1221	540
5117	1222	540
5118	1222	540
5119	1223	540
5120	1224	540
5121	1225	540
5122	1226	540
5123	1227	540
5124	1227	540
5125	1228	540
5126	1229	540
5127	1230	540
5128	1231	540
5129	1231	540
5130	1232	540
5131	1233	540
5132	1234	540
5133	1235	540
5134	1236	540
5135	1236	540
5136	1237	540
5137	1238	540
5138	1239	540
5139	1240	540
5140	1241	540
5141	1241	540
5142	1242	540
5143	1243	540
5144	1244	540
5145	1245	540
5146	1246	540
5147	1246	540
5148	1247	540
5149	1248	540
5150	1249	540
5151	1250	540
5152	1251	540
5153	1251	540
5154	1252	540
5155	1253	540
5156	1254	540
5157	1255	540
5158	1255	540
5159	1256	540
5160	1257	540
5161	1258	540
5162	1259	540
5163	1260	540
5164	1260	540
5165	1261	540
5166	1262	540
5167	1263	540
5168	1264	540
5169	1265	540
5170	1265	540
5171	1266	540
5172	1267	540
5173	1268	540
5174	1269	540
5175	1270	540
5176	1270	540
5177	1271	540
5178	1272	540
5179	1273	540
5180	1274	540
5181	1274	540
5182	1275	540
5183	1276	540
5184	1277	540
5185	1278	540
5186	1279	540
5187	1279	540
5188	1280	540
5189	1281	540
5190	1282	540
5191	1283	540
5192	1284	540
5193	1284	540
5194	1285	540
5195	1286	540
5196	1287	540
5197	1288	540
5198	1289	540
5199	1289	540
5200	1290	540
5201	1291	540
5202	1292	540
5203	1293	540
5204	1294	540
5205	1294	540
5206	1295	540
5207	1296	540
5208	1297	540
5209	1298	540
5210	1298	540
5211	1299	540
5212	1300	540
5213	1301	540
5214	1302	540
5215	1303	540
5216	1303	540
5217	1304	540
5218	1305	540
5219	1306	540
5220	1307	540
5221	1308	540
5222	1308	540
5223	1309	540
5224	1310	540
5225	1311	540
5226	1312	540
5227	1313	540
5228	1313	540
5229	1314	540
5230	1315	540
5231	1316	540
5232	1317	540
5233	1318	540
5234	1318	540
5235	1319	540
5236	1320	540
5237	1321	540
5238	1322	540
5239	1322	540
5240	1323	540
5241	1324	540
5242	1325	540
5243	1326	540
5244	1327	540
5245	1327	540
5246	1328	540
5247	1329	540
5248	1330	540
5249	1331	540
5250	1332	540
5251	1332	540
5252	1333	540
5253	1334	540
5254	1335	540
5255	1336	540
5256	1337	540
5257	1337	540
5258	1338	540
5259	1339	540
5260	1340	540
5261	1341	540
5262	1342	540
5263	1342	540
5264	1343	540
5265	1344	540
5266	1345	540
5267	1346	540
5268	1346	540
5269	1347	540
5270	1348	540
5271	1349	540
5272	1350	540
5273	1351	540
5274	1351	540
5275	1352	540
5276	1353	540
5277	1354	540
5278	1355	540
5279	1356	540
5280	1356	540
5281	1357	540
5282	1358	540
5283	1359	540
5284	1360	540
5285	1361	540
5286	1361	540
5287	1362	540
5288	1363	540
5289	1364	540
5290	1365	540
5291	1366	540
5292	1366	540
5293	1367	540
5294	1368	540
5295	1369	540
5296	1370	540
5297	1371	540
5298	1371	540
5299	1372	540
5300	1373	540
5301	1374	540
5302	1375	540
5303	1375	540
5304	1376	540
5305	1377	540
5306	1378	540
5307	1379	540
5308	1380	540
5309	1380	540
5310	1381	540
5311	1382	540
5312	1383	540
5313	1384	540
5314	1385	540
5315	1385	540
5316	1386	540
5317	1387	540
5318	1388	540
5319	1389	540
5320	1390	540
5321	1390	540
5322	1391	540
5323	1392	540
5324	1393	540
5325	1394	540
5326	1395	540
5327	1395	540
5328	1396	540
5329	1397	540
5330	1398	540
5331	1399	540
5332	1400	540
5333	1400	540
5334	1401	540
5335	1402	540
5336	1403	540
5337	1404	540
5338	1405	540
5339	1405	540
5340	1406	540
5341	1407	540
5342	1408	540
5343	1409	540
5344	1410	540
5345	1410	540
5346	1411	540
5347	1412	540
5348	1413	540
5349	1414	540
5350	1414	540
5351	1415	540
5352	1416	540
5353	1417	540
5354	1418	540
5355	1419	540
5356	1419	540
5357	1420	540
5358	1421	540
5359	1422	540
5360	1423	540
5361	1424	540
5362	1424	540
5363	1425	540
5364	1426	540
5365	1427	540
5366	1428	540
5367	1429	540
5368	1429	540
5369	1430	540
5370	1431	540
5371	1432	540
5372	1433	540
5373	1434	540
5374	1434	540
5375	1435	540
5376	1436	540
5377	1437	540
5378	1438	540
5379	1439	540
5380	1439	540
5381	1440	540
5382	1441	540
5383	1442	540
5384	1443	540
5385	1444	540
5386	1444	540
5387	1445	540
5388	1446	540
5389	1447	540
5390	1448	540
5391	1449	540
5392	1449	540
5393	1450	540
5394	1451	540
5395	1452	540
5396	1453	540
5397	1454	540
5398	1454	540
5399	1455	540
5400	1456	540
5401	1456	540
