1	963	540
2	967	540
3	970	540
4	973	540
5	976	540
6	980	540
7	983	540
8	986	540
9	990	540
10	993	540
11	996	540
12	1000	540
13	1003	540
14	1006	540
15	1009	540
16	1013	540
17	1016	540
18	1019	540
19	1023	540
20	1026	540
21	1029	540
22	1033	540
23	1036	540
24	1039	540
25	1042	540
26	1046	540
27	1049	540
28	1052	540
29	1056	540
30	1059	540
31	1062	540
32	1066	540
33	1069	540
34	1072	540
35	1075	540
36	1079	540
37	1082	540
38	1085	540
39	1089	540
40	1092	540
41	1095	540
42	1099	540
43	1102	540
44	1105	540
45	1108	540
46	1112	540
47	1115	540
48	1118	540
49	1122	540
50	1125	540
51	1128	540
52	1132	540
53	1135	540
54	1138	540
55	1141	540
56	1145	540
57	1148	540
58	1151	540
59	1155	540
60	1158	540
61	1161	540
62	1165	540
63	1168	540
64	1171	540
65	1174	540
66	1178	540
67	1181	540
68	1184	540
69	1188	540
70	1191	540
71	1194	540
72	1198	540
73	1201	540
74	1204	540
75	1208	540
76	1211	540
77	1214	540
78	1217	540
79	1221	540
80	1224	540
81	1227	540
82	1231	540
83	1234	540
84	1237	540
85	1241	540
86	1244	540
87	1247	540
88	1251	540
89	1254	540
90	1257	540
91	1260	540
92	1264	540
93	1267	540
94	1270	540
95	1274	540
96	1277	540
97	1280	540
98	1284	540
99	1287	540
100	1290	540
101	1294	540
102	1297	540
103	1300	540
104	1303	540
105	1307	540
106	1310	540
107	1313	540
108	1317	540
109	1320	540
110	1323	540
111	1327	540
112	1330	540
113	1333	540
114	1337	540
115	1340	540
116	1343	540
117	1346	540
118	1350	540
119	1353	540
120	1356	540
121	1360	540
122	1363	540
123	1366	540
124	1370	540
125	1373	540
126	1376	540
127	1380	540
128	1383	540
129	1386	540
130	1390	540
131	1393	540
132	1396	540
133	1400	540
134	1403	540
135	1406	540
136	1410	540
137	1413	540
138	1416	540
139	1419	540
140	1423	540
141	1426	540
142	1429	540
143	1433	540
144	1436	540
145	1439	540
146	1443	540
147	1446	540
148	1449	540
149	1453	540
150	1456	540
151	1453	540
152	1449	540
153	1446	540
154	1443	540
155	1439	540
156	1436	540
157	1433	540
158	1429	540
159	1426	540
160	1423	540
161	1419	540
162	1416	540
163	1413	540
164	1410	540
165	1406	540
166	1403	540
167	1400	540
168	1396	540
169	1393	540
170	1390	540
171	1386	540
172	1383	540
173	1380	540
174	1376	540
175	1373	540
176	1370	540
177	1366	540
178	1363	540
179	1360	540
180	1356	540
181	1353	540
182	1350	540
183	1346	540
184	1343	540
185	1340	540
186	1337	540
187	1333	540
188	1330	540
189	1327	540
190	1323	540
191	1320	540
192	1317	540
193	1313	540
194	1310	540
195	1307	540
196	1303	540
197	1300	540
198	1297	540
199	1294	540
200	1290	540
201	1287	540
202	1284	540
203	1280	540
204	1277	540
205	1274	540
206	1270	540
207	1267	540
208	1264	540
209	1260	540
210	1257	540
211	1254	540
212	1251	540
213	1247	540
214	1244	540
215	1241	540
216	1237	540
217	1234	540
218	1231	540
219	1227	540
220	1224	540
221	1221	540
222	1217	540
223	1214	540
224	1211	540
225	1208	540
226	1204	540
227	1201	540
228	1198	540
229	1194	540
230	1191	540
231	1188	540
232	1184	540
233	1181	540
234	1178	540
235	1174	540
236	1171	540
237	1168	540
238	1165	540
239	1161	540
240	1158	540
241	1155	540
242	1151	540
243	1148	540
244	1145	540
245	1141	540
246	1138	540
247	1135	540
248	1132	540
249	1128	540
250	1125	540
251	1122	540
252	1118	540
253	1115	540
254	1112	540
255	1108	540
256	1105	540
257	1102	540
258	1099	540
259	1095	540
260	1092	540
261	1089	540
262	1085	540
263	1082	540
264	1079	540
265	1075	540
266	1072	540
267	1069	540
268	1066	540
269	1062	540
270	1059	540
271	1056	540
272	1052	540
273	1049	540
274	1046	540
275	1042	540
276	1039	540
277	1036	540
278	1033	540
279	1029	540
280	1026	540
281	1023	540
282	1019	540
283	1016	540
284	1013	540
285	1009	540
286	1006	540
287	1003	540
288	1000	540
289	996	540
290	993	540
291	990	540
292	986	540
293	983	540
294	980	540
295	976	540
296	973	540
297	970	540
298	967	540
299	963	540
300	960	540
301	957	540
302	953	540
303	950	540
304	947	540
305	944	540
306	940	540
307	937	540
308	934	540
309	930	540
310	927	540
311	924	540
312	920	540
313	917	540
314	914	540
315	911	540
316	907	540
317	904	540
318	901	540
319	897	540
320	894	540
321	891	540
322	887	540
323	884	540
324	881	540
325	878	540
326	874	540
327	871	540
328	868	540
329	864	540
330	861	540
331	858	540
332	854	540
333	851	540
334	848	540
335	845	540
336	841	540
337	838	540
338	835	540
339	831	540
340	828	540
341	825	540
342	821	540
343	818	540
344	815	540
345	812	540
346	808	540
347	805	540
348	802	540
349	798	540
350	795	540
351	792	540
352	788	540
353	785	540
354	782	540
355	779	540
356	775	540
357	772	540
358	769	540
359	765	540
360	762	540
361	759	540
362	755	540
363	752	540
364	749	540
365	746	540
366	742	540
367	739	540
368	736	540
369	732	540
370	729	540
371	726	540
372	722	540
373	719	540
374	716	540
375	712	540
376	709	540
377	706	540
378	703	540
379	699	540
380	696	540
381	693	540
382	689	540
383	686	540
384	683	540
385	679	540
386	676	540
387	673	540
388	669	540
389	666	540
390	663	540
391	660	540
392	656	540
393	653	540
394	650	540
395	646	540
396	643	540
397	640	540
398	636	540
399	633	540
400	630	540
401	626	540
402	623	540
403	620	540
404	617	540
405	613	540
406	610	540
407	607	540
408	603	540
409	600	540
410	597	540
411	593	540
412	590	540
413	587	540
414	583	540
415	580	540
416	577	540
417	574	540
418	570	540
419	567	540
420	564	540
421	560	540
422	557	540
423	554	540
424	550	540
425	547	540
426	544	540
427	540	540
428	537	540
429	534	540
430	530	540
431	527	540
432	524	540
433	520	540
434	517	540
435	514	540
436	510	540
437	507	540
438	504	540
439	501	540
440	497	540
441	494	540
442	491	540
443	487	540
444	484	540
445	481	540
446	477	540
447	474	540
448	471	540
449	467	540
450	464	540
451	467	540
452	471	540
453	474	540
454	477	540
455	481	540
456	484	540
457	487	540
458	491	540
459	494	540
460	497	540
461	501	540
462	504	540
463	507	540
464	510	540
465	514	540
466	517	540
467	520	540
468	524	540
469	527	540
470	530	540
471	534	540
472	537	540
473	540	540
474	544	540
475	547	540
476	550	540
477	554	540
478	557	540
479	560	540
480	564	540
481	567	540
482	570	540
483	574	540
484	577	540
485	580	540
486	583	540
487	587	540
488	590	540
489	593	540
490	597	540
491	600	540
492	603	540
493	607	540
494	610	540
495	613	540
496	617	540
497	620	540
498	623	540
499	626	540
500	630	540
501	633	540
502	636	540
503	640	540
504	643	540
505	646	540
506	650	540
507	653	540
508	656	540
509	660	540
510	663	540
511	666	540
512	669	540
513	673	540
514	676	540
515	679	540
516	683	540
517	686	540
518	689	540
519	693	540
520	696	540
521	699	540
522	703	540
523	706	540
524	709	540
525	712	540
526	716	540
527	719	540
528	722	540
529	726	540
530	729	540
531	732	540
532	736	540
533	739	540
534	742	540
535	746	540
536	749	540
537	752	540
538	755	540
539	759	540
540	762	540
541	765	540
542	769	540
543	772	540
544	775	540
545	779	540
546	782	540
547	785	540
548	788	540
549	792	540
550	795	540
551	798	540
552	802	540
553	805	540
554	808	540
555	812	540
556	815	540
557	818	540
558	821	540
559	825	540
560	828	540
561	831	540
562	835	540
563	838	540
564	841	540
565	845	540
566	848	540
567	851	540
568	854	540
569	858	540
570	861	540
571	864	540
572	868	540
573	871	540
574	874	540
575	878	540
576	881	540
577	884	540
578	887	540
579	891	540
580	894	540
581	897	540
582	901	540
583	904	540
584	907	540
585	911	540
586	914	540
587	917	540
588	920	540
589	924	540
590	927	540
591	930	540
592	934	540
593	937	540
594	940	540
595	944	540
596	947	540
597	950	540
598	953	540
599	957	540
600	960	540
601	963	540
602	967	540
603	970	540
604	973	540
605	976	540
606	980	540
607	983	540
608	986	540
609	990	540
610	993	540
611	996	540
612	1000	540
613	1003	540
614	1006	540
615	1009	540
616	1013	540
617	1016	540
618	1019	540
619	1023	540
620	1026	540
621	1029	540
622	1033	540
623	1036	540
624	1039	540
625	1042	540
626	1046	540
627	1049	540
628	1052	540
629	1056	540
630	1059	540
631	1062	540
632	1066	540
633	1069	540
634	1072	540
635	1075	540
636	1079	540
637	1082	540
638	1085	540
639	1089	540
640	1092	540
641	1095	540
642	1099	540
643	1102	540
644	1105	540
645	1108	540
646	1112	540
647	1115	540
648	1118	540
649	1122	540
650	1125	540
651	1128	540
652	1132	540
653	1135	540
654	1138	540
655	1141	540
656	1145	540
657	1148	540
658	1151	540
659	1155	540
660	1158	540
661	1161	540
662	1165	540
663	1168	540
664	1171	540
665	1174	540
666	1178	540
667	1181	540
668	1184	540
669	1188	540
670	1191	540
671	1194	540
672	1198	540
673	1201	540
674	1204	540
675	1208	540
676	1211	540
677	1214	540
678	1217	540
679	1221	540
680	1224	540
681	1227	540
682	1231	540
683	1234	540
684	1237	540
685	1241	540
686	1244	540
687	1247	540
688	1251	540
689	1254	540
690	1257	540
691	1260	540
692	1264	540
693	1267	540
694	1270	540
695	1274	540
696	1277	540
697	1280	540
698	1284	540
699	1287	540
700	1290	540
701	1294	540
702	1297	540
703	1300	540
704	1303	540
705	1307	540
706	1310	540
707	1313	540
708	1317	540
709	1320	540
710	1323	540
711	1327	540
712	1330	540
713	1333	540
714	1337	540
715	1340	540
716	1343	540
717	1346	540
718	1350	540
719	1353	540
720	1356	540
721	1360	540
722	1363	540
723	1366	540
724	1370	540
725	1373	540
726	1376	540
727	1380	540
728	1383	540
729	1386	540
730	1390	540
731	1393	540
732	1396	540
733	1400	540
734	1403	540
735	1406	540
736	1410	540
737	1413	540
738	1416	540
739	1419	540
740	1423	540
741	1426	540
742	1429	540
743	1433	540
744	1436	540
745	1439	540
746	1443	540
747	1446	540
748	1449	540
749	1453	540
750	1456	540
751	1453	540
752	1449	540
753	1446	540
754	1443	540
755	1439	540
756	1436	540
757	1433	540
758	1429	540
759	1426	540
760	1423	540
761	1419	540
762	1416	540
763	1413	540
764	1410	540
765	1406	540
766	1403	540
767	1400	540
768	1396	540
769	1393	540
770	1390	540
771	1386	540
772	1383	540
773	1380	540
774	1376	540
775	1373	540
776	1370	540
777	1366	540
778	1363	540
779	1360	540
780	1356	540
781	1353	540
782	1350	540
783	1346	540
784	1343	540
785	1340	540
786	1337	540
787	1333	540
788	1330	540
789	1327	540
790	1323	540
791	1320	540
792	1317	540
793	1313	540
794	1310	540
795	1307	540
796	1303	540
797	1300	540
798	1297	540
799	1294	540
800	1290	540
801	1287	540
802	1284	540
803	1280	540
804	1277	540
805	1274	540
806	1270	540
807	1267	540
808	1264	540
809	1260	540
810	1257	540
811	1254	540
812	1251	540
813	1247	540
814	1244	540
815	1241	540
816	1237	540
817	1234	540
818	1231	540
819	1227	540
820	1224	540
821	1221	540
822	1217	540
823	1214	540
824	1211	540
825	1208	540
826	1204	540
827	1201	540
828	1198	540
829	1194	540
830	1191	540
831	1188	540
832	1184	540
833	1181	540
834	1178	540
835	1174	540
836	1171	540
837	1168	540
838	1165	540
839	1161	540
840	1158	540
841	1155	540
842	1151	540
843	1148	540
844	1145	540
845	1141	540
846	1138	540
847	1135	540
848	1132	540
849	1128	540
850	1125	540
851	1122	540
852	1118	540
853	1115	540
854	1112	540
855	1108	540
856	1105	540
857	1102	540
858	1099	540
859	1095	540
860	1092	540
861	1089	540
862	1085	540
863	1082	540
864	1079	540
865	1075	540
866	1072	540
867	1069	540
868	1066	540
869	1062	540
870	1059	540
871	1056	540
872	1052	540
873	1049	540
874	1046	540
875	1042	540
876	1039	540
877	1036	540
878	1033	540
879	1029	540
880	1026	540
881	1023	540
882	1019	540
883	1016	540
884	1013	540
885	1009	540
886	1006	540
887	1003	540
888	1000	540
889	996	540
890	993	540
891	990	540
892	986	540
893	983	540
894	980	540
895	976	540
896	973	540
897	970	540
898	967	540
899	963	540
900	960	540
901	957	540
902	953	540
903	950	540
904	947	540
905	944	540
906	940	540
907	937	540
908	934	540
909	930	540
910	927	540
911	924	540
912	920	540
913	917	540
914	914	540
915	911	540
916	907	540
917	904	540
918	901	540
919	897	540
920	894	540
921	891	540
922	887	540
923	884	540
924	881	540
925	878	540
926	874	540
927	871	540
928	868	540
929	864	540
930	861	540
931	858	540
932	854	540
933	851	540
934	848	540
935	845	540
936	841	540
937	838	540
938	835	540
939	831	540
940	828	540
941	825	540
942	821	540
943	818	540
944	815	540
945	812	540
946	808	540
947	805	540
948	802	540
949	798	540
950	795	540
951	792	540
952	788	540
953	785	540
954	782	540
955	779	540
956	775	540
957	772	540
958	769	540
959	765	540
960	762	540
961	759	540
962	755	540
963	752	540
964	749	540
965	746	540
966	742	540
967	739	540
968	736	540
969	732	540
970	729	540
971	726	540
972	722	540
973	719	540
974	716	540
975	712	540
976	709	540
977	706	540
978	703	540
979	699	540
980	696	540
981	693	540
982	689	540
983	686	540
984	683	540
985	679	540
986	676	540
987	673	540
988	669	540
989	666	540
990	663	540
991	660	540
992	656	540
993	653	540
994	650	540
995	646	540
996	643	540
997	640	540
998	636	540
999	633	540
1000	630	540
1001	626	540
1002	623	540
1003	620	540
1004	617	540
1005	613	540
1006	610	540
1007	607	540
1008	603	540
1009	600	540
1010	597	540
1011	593	540
1012	590	540
1013	587	540
1014	583	540
1015	580	540
1016	577	540
1017	574	540
1018	570	540
1019	567	540
1020	564	540
1021	560	540
1022	557	540
1023	554	540
1024	550	540
1025	547	540
1026	544	540
1027	540	540
1028	537	540
1029	534	540
1030	530	540
1031	527	540
1032	524	540
1033	520	540
1034	517	540
1035	514	540
1036	510	540
1037	507	540
1038	504	540
1039	501	540
1040	497	540
1041	494	540
1042	491	540
1043	487	540
1044	484	540
1045	481	540
1046	477	540
1047	474	540
1048	471	540
1049	467	540
1050	464	540
1051	467	540
1052	471	540
1053	474	540
1054	477	540
1055	481	540
1056	484	540
1057	487	540
1058	491	540
1059	494	540
1060	497	540
1061	501	540
1062	504	540
1063	507	540
1064	510	540
1065	514	540
1066	517	540
1067	520	540
1068	524	540
1069	527	540
1070	530	540
1071	534	540
1072	537	540
1073	540	540
1074	544	540
1075	547	540
1076	550	540
1077	554	540
1078	557	540
1079	560	540
1080	564	540
1081	567	540
1082	570	540
1083	574	540
1084	577	540
1085	580	540
1086	583	540
1087	587	540
1088	590	540
1089	593	540
1090	597	540
1091	600	540
1092	603	540
1093	607	540
1094	610	540
1095	613	540
1096	617	540
1097	620	540
1098	623	540
1099	626	540
1100	630	540
1101	633	540
1102	636	540
1103	640	540
1104	643	540
1105	646	540
1106	650	540
1107	653	540
1108	656	540
1109	660	540
1110	663	540
1111	666	540
1112	669	540
1113	673	540
1114	676	540
1115	679	540
1116	683	540
1117	686	540
1118	689	540
1119	693	540
1120	696	540
1121	699	540
1122	703	540
1123	706	540
1124	709	540
1125	712	540
1126	716	540
1127	719	540
1128	722	540
1129	726	540
1130	729	540
1131	732	540
1132	736	540
1133	739	540
1134	742	540
1135	746	540
1136	749	540
1137	752	540
1138	755	540
1139	759	540
1140	762	540
1141	765	540
1142	769	540
1143	772	540
1144	775	540
1145	779	540
1146	782	540
1147	785	540
1148	788	540
1149	792	540
1150	795	540
1151	798	540
1152	802	540
1153	805	540
1154	808	540
1155	812	540
1156	815	540
1157	818	540
1158	821	540
1159	825	540
1160	828	540
1161	831	540
1162	835	540
1163	838	540
1164	841	540
1165	845	540
1166	848	540
1167	851	540
1168	854	540
1169	858	540
1170	861	540
1171	864	540
1172	868	540
1173	871	540
1174	874	540
1175	878	540
1176	881	540
1177	884	540
1178	887	540
1179	891	540
1180	894	540
1181	897	540
1182	901	540
1183	904	540
1184	907	540
1185	911	540
1186	914	540
1187	917	540
1188	920	540
1189	924	540
1190	927	540
1191	930	540
1192	934	540
1193	937	540
1194	940	540
1195	944	540
1196	947	540
1197	950	540
1198	953	540
1199	957	540
1200	960	540
1201	963	540
1202	967	540
1203	970	540
1204	973	540
1205	976	540
1206	980	540
1207	983	540
1208	986	540
1209	990	540
1210	993	540
1211	996	540
1212	1000	540
1213	1003	540
1214	1006	540
1215	1009	540
1216	1013	540
1217	1016	540
1218	1019	540
1219	1023	540
1220	1026	540
1221	1029	540
1222	1033	540
1223	1036	540
1224	1039	540
1225	1042	540
1226	1046	540
1227	1049	540
1228	1052	540
1229	1056	540
1230	1059	540
1231	1062	540
1232	1066	540
1233	1069	540
1234	1072	540
1235	1075	540
1236	1079	540
1237	1082	540
1238	1085	540
1239	1089	540
1240	1092	540
1241	1095	540
1242	1099	540
1243	1102	540
1244	1105	540
1245	1108	540
1246	1112	540
1247	1115	540
1248	1118	540
1249	1122	540
1250	1125	540
1251	1128	540
1252	1132	540
1253	1135	540
1254	1138	540
1255	1141	540
1256	1145	540
1257	1148	540
1258	1151	540
1259	1155	540
1260	1158	540
1261	1161	540
1262	1165	540
1263	1168	540
1264	1171	540
1265	1174	540
1266	1178	540
1267	1181	540
1268	1184	540
1269	1188	540
1270	1191	540
1271	1194	540
1272	1198	540
1273	1201	540
1274	1204	540
1275	1208	540
1276	1211	540
1277	1214	540
1278	1217	540
1279	1221	540
1280	1224	540
1281	1227	540
1282	1231	540
1283	1234	540
1284	1237	540
1285	1241	540
1286	1244	540
1287	1247	540
1288	1251	540
1289	1254	540
1290	1257	540
1291	1260	540
1292	1264	540
1293	1267	540
1294	1270	540
1295	1274	540
1296	1277	540
1297	1280	540
1298	1284	540
1299	1287	540
1300	1290	540
1301	1294	540
1302	1297	540
1303	1300	540
1304	1303	540
1305	1307	540
1306	1310	540
1307	1313	540
1308	1317	540
1309	1320	540
1310	1323	540
1311	1327	540
1312	1330	540
1313	1333	540
1314	1337	540
1315	1340	540
1316	1343	540
1317	1346	540
1318	1350	540
1319	1353	540
1320	1356	540
1321	1360	540
1322	1363	540
1323	1366	540
1324	1370	540
1325	1373	540
1326	1376	540
1327	1380	540
1328	1383	540
1329	1386	540
1330	1390	540
1331	1393	540
1332	1396	540
1333	1400	540
1334	1403	540
1335	1406	540
1336	1410	540
1337	1413	540
1338	1416	540
1339	1419	540
1340	1423	540
1341	1426	540
1342	1429	540
1343	1433	540
1344	1436	540
1345	1439	540
1346	1443	540
1347	1446	540
1348	1449	540
1349	1453	540
1350	1456	540
1351	1456	540
